   1.4332007e-02   1.3148542e-01   3.6304454e-02   1.0885153e-01  -9.4973143e-02  -6.3547433e-03  -6.6136843e-03   2.6427449e-03  -4.2798457e-02  -2.0509208e-02   2.7622352e-02   1.5548707e-01  -9.3814015e-02   5.0658101e-03  -1.0418900e-01  -6.1501919e-02  -1.6387246e-02   8.2289259e-02   2.0120908e-01  -3.9748271e-02  -7.8498264e-02   1.5243881e-02  -2.9654247e-02  -6.1526001e-02   2.0333907e-02   2.1233434e-02  -2.6410285e-01  -1.7315054e-02   1.1068163e-01   4.9814894e-01  -3.3219723e-01  -2.2045402e-02  -6.4330268e-03  -1.0275757e-02
  -1.9945559e-02  -1.4588436e-02   1.3635967e-02  -1.0006795e-02   6.4864396e-02   5.5064752e-02  -1.1579647e-02   9.0470471e-02  -1.8684184e-01   6.3830656e-02   1.8407244e-01  -6.9524106e-01  -1.0672160e-01   7.6893258e-01  -1.7253280e-01   2.5703762e-01   2.2309116e-01   3.0902414e-02  -4.9705742e-01   3.0478246e-01   5.5546109e-03   7.2761342e-02   7.3970003e-02   1.0443575e-01  -2.3732297e-02  -5.2095026e-02   1.5309718e-01  -3.2855708e-02  -1.0749812e-01  -1.5297144e-01   2.8745284e-01   1.9933325e-02   5.2241911e-02   5.7637125e-02
   8.7261538e-03   1.6235593e-02   2.5523508e-02   4.2208503e-02  -1.8868652e-02   2.3535731e-02  -3.0982539e-03  -8.1995921e-04  -6.3597752e-02   2.5011980e-02   2.8319347e-02  -3.2442674e-02  -6.0834647e-03   7.5827472e-02  -7.3687331e-02  -1.1455114e-01   4.9201607e-03   1.0095461e-01   5.8794882e-03   2.3517872e-02  -6.1948849e-03  -1.0747860e-02  -3.5485458e-02   2.5486112e-02  -1.3844655e-02  -3.3248110e-02  -1.2521114e-02  -5.8981597e-02  -3.7683889e-02   1.2187106e-01   1.4576348e-02   4.0962394e-02   1.1072664e-01  -1.4213958e-01
   5.3037986e-03   4.0044219e-02  -1.5275510e-02  -1.2037351e-02  -1.1489312e-01  -5.7557793e-03  -4.9218704e-03  -9.0376464e-02   1.4964458e-01  -7.9739041e-02  -3.5501238e-02   1.0648563e-01   7.3287080e-01  -2.6002991e-01   6.0013398e-02   3.8175384e-02  -2.3193065e-01  -7.0163867e-02   2.8283476e-02  -1.3998907e-01  -6.3735135e-02   1.9861266e-01  -8.1882564e-02   1.9912130e-03   1.5511362e-04   7.7186827e-04  -6.4505275e-02   4.2600204e-03   5.2247597e-03   3.2755697e-02  -1.0828458e-01   7.8032568e-04   6.8335033e-03   9.3341954e-03
   1.6846064e-01  -9.1780408e-02  -2.0381125e-02  -3.9929023e-02   5.6897568e-02  -4.4786815e-04   4.4222281e-03  -1.3314178e-02   5.1187339e-02  -6.7849629e-04   1.0475484e-02  -5.5428147e-02  -4.1874449e-02   8.2603823e-02  -3.8570011e-02  -3.4213650e-02  -1.7984981e-02   9.7783401e-02  -6.3695541e-02  -3.3051052e-02   4.2852527e-02  -2.5727528e-02   7.3452391e-04   1.4213918e-02  -1.3426034e-02  -2.9662621e-03   3.6644224e-02   1.4521780e-02   2.6195946e-03  -1.1770696e-01  -2.0228601e-02   3.3186402e-02  -3.6529149e-03   5.0928317e-03
  -1.3454344e-03   1.9369250e-02  -3.0829201e-02  -2.5705113e-03  -1.0373769e-01  -9.6895046e-03  -8.4754091e-03   1.0100508e-02  -6.1181110e-03  -3.0434856e-02   2.5030028e-02   1.7631951e-01   1.5814921e-02  -1.3365200e-01  -8.0463044e-02   2.4486949e-02  -2.0205645e-02  -2.2306802e-02   1.0516690e-01  -4.8782465e-02  -7.7904709e-03   2.4264128e-02   9.9170281e-04  -8.4376316e-03  -1.9827728e-03   3.7395448e-03   2.0343003e-02  -2.1593785e-02  -1.4758750e-03  -1.5963711e-02  -6.3212531e-02   2.3386176e-02   1.0872223e-01   1.5049272e-01
   4.2662723e-03  -1.1789034e-01  -9.0160335e-03  -8.5801894e-02  -2.4009565e-01   5.0008102e-04  -7.1338581e-05   5.1354034e-02  -1.4790908e-01  -3.3128426e-02  -1.9479880e-02   2.8439720e-01  -1.6447653e-01  -1.0552369e-01  -1.0194549e-02  -2.7581407e-03   8.2999339e-02  -2.6721704e-01   4.1076230e-01  -5.5059875e-02  -6.5376424e-02   9.9359757e-02  -9.1853970e-02  -1.2869782e-03   1.8447843e-02  -2.4566253e-04  -1.9050335e-01  -1.4173840e-02  -5.2615492e-02  -7.3074587e-02   8.6713249e-01  -7.8750336e-02   5.5657032e-04   1.1284316e-02
   1.3888763e-03   9.1093251e-03   6.6196543e-04   1.4196753e-02  -4.1067368e-02  -1.2411591e-02  -7.8306576e-03  -2.0188117e-02  -6.4145260e-02  -8.6727862e-02   5.2176280e-02   4.5341682e-01  -1.9881658e-01   6.4223047e-02  -1.6619650e-02  -6.7221174e-02   4.5322633e-02  -9.1427840e-02   5.9827324e-02   4.2254562e-02   1.5168698e-02  -1.4860658e-01   3.4501471e-02  -5.3515193e-03  -5.7053520e-04   8.4787394e-03   1.5147180e-02   2.8543611e-03   6.3595802e-03   1.5368005e-02  -4.6289250e-02  -6.3052997e-03   1.5824389e-03   3.3824192e-03
   1.7032309e-04   4.1164156e-03   1.6043899e-03   1.8300644e-03  -1.5961523e-03  -1.1232316e-01   1.7586413e-01  -3.6561226e-02  -1.4025300e-02   5.7079898e-02  -4.8053749e-02   2.9183723e-02   1.3514162e-02  -6.1300253e-02  -6.3676720e-03   3.4607042e-02  -1.8478067e-02  -2.4450937e-03   2.3182023e-02  -1.8371966e-03  -5.6414370e-03  -1.6525187e-04  -8.7430946e-03  -9.5810904e-03   1.2066728e-03   5.1752018e-03  -3.9042561e-03  -4.8964272e-03   3.4766300e-03  -4.3669407e-04  -6.7591058e-03   1.8990615e-02  -6.8015312e-03   6.7767678e-03
   6.7464783e-04   5.5652424e-03   3.1027125e-03   6.1387750e-03  -2.9171385e-03  -5.6187554e-03  -1.8419435e-03   3.3292810e-02  -1.3284791e-01   1.0030675e-02   1.9474010e-02   1.0286474e-01  -1.5500377e-01  -1.8500593e-01  -1.2169783e-02  -4.3876460e-02  -7.4435032e-03   3.1961563e-01   3.1588932e-01  -7.3267440e-02  -9.3888803e-02  -6.7716981e-02  -5.4604702e-03   7.2102535e-04  -4.1978896e-03   7.7185714e-03  -5.7539937e-03  -8.4792731e-04   1.2031222e-02   8.8671275e-03  -2.4421035e-02  -2.2311516e-02   8.9126235e-04  -2.4056035e-04
  -8.4807566e-04  -1.3633754e-02  -2.9337903e-02  -3.8899484e-02   1.1818879e-02   1.7644614e-01   1.3988023e-03   3.4576762e-01  -9.6877300e-02  -2.5072426e-02  -6.4819013e-02   6.1854002e-02  -2.8384661e-02  -1.2565815e-01   2.3377776e-02   4.0944085e-02  -3.3879672e-02   1.0889266e-02   1.0035366e-01  -1.8184844e-02   5.0624396e-03  -1.0298158e-01  -1.2536142e-02  -5.3995579e-04  -1.6964018e-03   3.1842426e-03  -7.8474402e-03   2.7720970e-03   4.6039680e-03  -1.9173552e-02  -1.1810696e-01  -1.6319769e-02  -2.0649838e-02   1.9163679e-02
  -3.4030181e-03  -6.3530365e-03   1.7394379e-01  -2.7016452e-02  -2.1548591e-02  -7.3394534e-02  -1.1283130e-02  -8.9394493e-03   2.3055635e-02  -5.7544164e-03   1.1734393e-02   2.7764238e-02   2.1788872e-03  -4.5114756e-02  -1.0485366e-02   1.6954775e-02   9.8435864e-03  -2.9103631e-02   2.8801950e-02  -1.0192289e-02  -5.2773556e-03   5.8201785e-05   3.6161514e-03   2.6047964e-03  -1.7084253e-03   3.3077872e-03   1.3289519e-02  -9.8449950e-03  -3.8058752e-03  -5.0270088e-02   1.6385012e-03   1.5850833e-02  -1.9059147e-02   2.0376437e-02
   2.2822984e-03  -1.2253485e-02  -2.4206641e-04  -2.4766975e-02   9.4211209e-02  -1.7861723e-03  -3.2666393e-04  -4.3146327e-02  -3.1620334e-03   1.5484814e-02   9.0171955e-03  -8.4258547e-02  -4.9647580e-02   1.1014392e-01  -4.3984805e-02  -1.2151566e-02   1.5136367e-02   4.1308828e-02  -1.1207890e-01   1.2443269e-02   1.2706273e-02   4.6461562e-02   1.6209684e-01   2.7698782e-03   2.1520482e-02   5.0776566e-03  -6.1158783e-01   4.3024728e-02  -3.8415009e-03   6.3164124e-02   2.9257212e-01   3.2946428e-02  -3.5153694e-03   2.3058435e-02
   2.4626988e-03  -4.5839004e-03   3.0809391e-03  -1.3206759e-02  -4.4435435e-03   8.4990528e-03   1.0996242e-03  -2.3830800e-03   1.4736545e-02   4.3639996e-03  -2.8403090e-03  -3.0581471e-02  -6.9864869e-04  -1.0997267e-02   2.7298888e-02  -6.6263078e-03   2.7669248e-02  -2.0032618e-02  -1.4695075e-02   1.7730781e-02  -1.2982473e-02   3.2280940e-02   4.8550024e-04   3.3087969e-02  -5.1788036e-03   6.4964314e-03   3.7795302e-02  -2.5790292e-01   1.0452775e-02   4.2108711e-02   4.2195025e-02  -1.6468298e-03  -7.3395847e-03   7.2237405e-02
   9.7123411e-04  -6.4627850e-03  -3.8149664e-03  -4.6266439e-03   8.3937390e-03   5.4307629e-03   7.9932462e-04   3.7270382e-03   1.7902904e-02   4.8393989e-03   3.6902275e-03  -1.9942729e-02   1.5653201e-02   1.2948708e-02  -3.3584415e-02  -4.2658398e-03   4.1418913e-03   3.2380115e-02   2.5219313e-02   9.7928856e-02  -3.4801779e-01   4.4451257e-02  -3.6843722e-02   1.2498222e-01   7.6567547e-04   2.9606166e-04   2.6758315e-02   9.3130438e-03   1.1540054e-03  -4.1840117e-03   2.9042921e-03   1.9402124e-02  -2.9153729e-03  -4.7180328e-03
  -4.3817842e-03   2.4733817e-01   3.2295075e-03  -7.7462812e-02  -3.0152937e-02  -1.4733158e-02   6.2277240e-04   1.0924408e-02  -1.6440988e-03  -4.9452461e-03  -8.1289792e-03   2.6594228e-02   9.8434317e-03  -2.3421630e-02   1.8576916e-04   5.9061145e-04   1.0520645e-02  -2.7642130e-02   2.6076984e-02  -8.6601191e-03  -2.3548625e-03  -8.9105300e-03   2.6122345e-02   6.0807578e-03   6.2745978e-03   8.4665654e-04  -3.7865877e-02   2.5019986e-03  -1.2085859e-02  -8.0833001e-02  -5.7389629e-02   1.1830737e-02  -7.2759966e-03   1.1263211e-02
   1.1858921e-03   1.7391809e-02  -1.8527278e-03  -1.2438052e-01   6.0847830e-01   5.1825345e-03  -1.0527457e-03  -1.9929346e-01  -1.1947263e-01   1.3169751e-02  -3.5053131e-03   8.9044511e-02  -5.3656315e-02  -1.9489749e-02   6.3313171e-03  -4.6648420e-03  -1.3460775e-03  -4.4296921e-03   7.4338959e-02  -2.1576135e-02  -5.8858357e-03  -2.0353711e-02  -1.5474669e-02  -2.0231565e-03   4.5513005e-04  -5.1968254e-03   9.1288116e-04  -1.0790891e-03  -4.2998136e-04  -1.7132586e-03  -1.6874871e-01  -4.4758456e-02   9.2546295e-04   4.8845188e-03
  -9.7547561e-04  -4.2316870e-03  -4.0104011e-04  -1.3957680e-02   1.8307609e-02   1.1334421e-02   2.7789309e-03   1.0153214e-02   1.4487314e-02   6.5088435e-03   1.7759492e-03  -5.5268533e-02   6.5948536e-03   4.5194558e-02  -3.6563319e-02  -1.5976549e-02   3.1093345e-02   3.9899354e-03  -1.2674492e-02   1.3075790e-01  -1.3643324e-01   6.2768248e-02  -1.8151410e-02  -1.9557731e-01  -4.1828522e-04  -2.0184117e-04   6.1664713e-02   5.2405203e-02  -6.3166275e-03  -2.7705819e-02   1.0795863e-02  -3.6191143e-04   3.1677752e-03   3.0764465e-02
  -2.2301710e-03   6.0169547e-04  -2.8430873e-03  -4.9431200e-03  -3.4383953e-02   2.8488466e-03   1.1141875e-03  -3.0027893e-02   1.1600548e-01  -3.3859563e-02  -1.4434919e-02   1.6485628e-01  -2.0736583e-01  -1.4281178e-01  -1.3316960e-02   1.6519912e-02  -3.5784728e-02   2.8392378e-01  -3.7337017e-01   2.9286520e-02   4.7402012e-02   2.6577846e-01  -4.6148964e-02  -1.9164812e-03  -1.7382986e-03  -4.3112316e-03   1.9242504e-02  -9.1346023e-03  -5.3509567e-03  -7.4501454e-03   2.4267614e-02   2.8403703e-03   8.1435388e-04   1.9765247e-04
   3.5718543e-03   1.2176949e-03  -3.3404035e-03   1.3425709e-02  -2.2106886e-02  -5.6949306e-03  -1.6809981e-03  -1.6933664e-02   5.2245660e-02  -1.4082968e-02  -4.3486605e-02   7.2400529e-02   3.2237154e-02  -2.3052026e-01   1.9995129e-01   4.8655805e-02   3.3980979e-02  -1.3201058e-01   4.4487258e-02   2.5209857e-02  -2.8039866e-02   2.3341914e-02   6.3397833e-03  -1.0976924e-02   2.7223980e-03  -4.4130715e-04  -3.5180817e-02   1.0922825e-02   1.5243118e-02   1.3309764e-02  -2.4298514e-02  -7.8397586e-03   4.0125773e-03  -1.6026030e-03
   6.0078970e-04  -4.1282613e-03  -1.5377445e-03   2.7577119e-03   6.3541755e-03   2.3060625e-04   4.5236086e-04  -4.1422064e-02   1.7147560e-01  -1.6831564e-02   3.1452521e-02   2.5519927e-02   9.0095499e-02  -6.4585656e-02  -4.1973002e-02  -2.4868428e-01   3.0682811e-01  -1.2572414e-01  -5.8280187e-03   3.3380622e-02   5.2671085e-03  -1.1912123e-01   2.9007254e-02   2.6759388e-03  -6.9015211e-04  -5.0926549e-04   4.4313736e-03  -4.4812415e-03   1.0748269e-02   4.4418421e-04  -2.6764379e-02  -1.0947250e-02  -6.0657504e-04  -3.6453341e-03
   2.5535018e-03   1.8282397e-03   1.8350523e-03  -7.6883113e-03   9.4717755e-03  -2.0043333e-03  -1.2217867e-03  -1.0879911e-02  -4.6535895e-03  -3.8454715e-03  -9.6576279e-03   9.2228548e-03   7.0160003e-02  -3.8278498e-03   3.3877913e-03   7.2184427e-02  -2.0486501e-01  -7.2936177e-02   5.9563181e-04   2.2563311e-01  -3.4016457e-02  -1.0977953e-02   6.2424774e-03  -6.8320608e-03  -8.8124977e-04  -1.9685105e-03  -1.7182249e-02  -1.0334525e-02  -1.2126417e-03   5.9117822e-03   5.4243697e-03   8.4134887e-03   3.5817009e-04  -6.7401609e-03
   1.7695727e-04   3.5175546e-04   3.1720265e-03   4.4960593e-04   4.1662997e-03   1.3141477e-03  -8.1294974e-04  -2.4589677e-03   1.8195452e-03  -2.3670809e-03   5.5732487e-03  -9.1297117e-03   1.7124620e-02   3.5179065e-03  -1.2187181e-03  -4.6989416e-03  -9.3999564e-03   2.2897571e-02   2.9945522e-03   6.5900588e-03  -4.5923932e-02  -4.7756099e-03  -6.8154850e-02  -1.7768449e-02   1.7526187e-01  -7.2668556e-04  -6.3241180e-02  -1.9010292e-02   3.4553398e-03  -6.9486297e-04   5.7865878e-03   3.7580876e-03  -2.4358017e-04  -4.4302574e-03
   9.9482898e-04   8.0006993e-03   8.3345385e-04   1.7991239e-02  -5.0263853e-02  -8.0129685e-04   1.2945372e-03   2.2157802e-02  -4.2476277e-02  -4.2796070e-03  -7.0815614e-03   3.6832869e-02  -4.3220377e-02   5.8727823e-03  -4.6106729e-03   3.9705794e-03  -5.7708383e-03   2.6692619e-02  -2.0318073e-02   2.5473860e-02  -2.1062234e-01  -3.9974518e-02   3.8585606e-01  -9.2914458e-03  -4.1609074e-03  -4.8334625e-04  -1.9422419e-02  -2.9302515e-03  -1.4034052e-02   6.5539226e-03  -5.4760489e-02  -7.8141613e-03   2.0091249e-04  -4.2243337e-03
  -9.1253819e-04  -1.1297065e-01   1.3689433e-02   2.8835645e-01  -1.4009870e-02  -4.1544433e-02  -3.1412738e-03  -7.8925577e-02  -2.7125544e-02   7.1022258e-03   9.8992690e-03   3.3281450e-02   1.2044202e-02  -2.4982930e-02  -7.6269363e-03   1.5743205e-02  -2.2615000e-02   4.2557475e-03   2.8176276e-02  -5.2334593e-03  -3.9512291e-03  -1.6906724e-02   1.0475050e-03   3.0669271e-04   3.3631681e-04  -3.3020199e-03   8.9076489e-03  -4.0808291e-03  -3.9677467e-03  -2.2996256e-02  -2.9207901e-02   4.9281820e-03  -9.0781564e-03   1.2056693e-02
   4.3098790e-04   5.5045422e-03  -5.8474433e-03  -1.4280543e-02  -4.5990111e-03  -5.7911520e-03  -1.1152059e-02  -6.9316324e-03  -7.6852444e-03   4.2635858e-03   1.7620299e-01  -6.7693634e-02   4.6213715e-02  -9.4963399e-02   7.8260238e-03  -4.5855179e-02  -3.6316500e-02   4.5142067e-02   4.5561449e-05  -3.1268854e-02  -1.1921206e-02   6.3245862e-02  -5.5304001e-03   2.3541835e-03  -2.5086550e-03  -1.5334862e-03   3.5050055e-03   4.8701443e-03   3.2525324e-03  -7.5926860e-03   1.6398134e-03   9.0458428e-03   5.2234899e-04   4.3330592e-03
   7.4977815e-04   7.2209603e-03  -1.9464440e-03  -2.1736085e-03  -5.9679447e-03  -1.9074679e-03  -3.9796925e-03  -7.3675889e-03  -7.1972425e-03  -5.3768560e-03   3.1097758e-02   6.1690599e-02   3.2840563e-02  -5.3478037e-02  -2.3737178e-01   2.8308229e-01  -3.7650355e-04  -7.4123246e-02   8.4662547e-03  -1.1925436e-02   2.3649290e-03  -6.0423745e-03   6.8409893e-03  -2.0581407e-03   4.3636472e-04   2.5201932e-03  -6.1228425e-03  -1.0561484e-03  -2.5712562e-03   1.3616025e-02  -1.8291335e-02   5.4416933e-03  -6.0313286e-04  -4.0533502e-03
  -6.7191214e-05   2.3763949e-03   2.8543367e-03  -2.2798201e-04  -1.8810722e-02  -3.4265092e-02  -2.3995230e-02  -8.0985801e-02  -5.6760978e-03   2.4092201e-01  -5.6729077e-02  -3.2029028e-02   9.4659303e-03  -2.4323051e-02   3.4090116e-03  -1.0927609e-02   3.7528112e-03   9.7767171e-03  -9.4756143e-03   5.1101340e-04  -6.3246502e-03   1.7192353e-02  -3.5655937e-03  -5.1776158e-04   1.3599769e-03   1.2182184e-04  -2.0000724e-03   1.1101364e-03   4.3134104e-03  -2.7097771e-04   1.8264221e-02  -2.5658311e-03   1.1325305e-03  -2.0116291e-04
   6.1807569e-04  -8.9565162e-04   1.4253122e-02   1.0277594e-02   5.1393122e-02  -1.5313413e-01  -2.5464384e-03   1.7256942e-01  -7.7232697e-03  -2.7131036e-02   1.1811156e-02  -1.5655364e-02  -1.9792027e-02   2.0993693e-03  -5.9559157e-03   4.7470714e-03   1.0486159e-03   1.0162072e-02   7.2633165e-03  -1.4930998e-03   6.4917449e-03  -3.2226094e-02  -1.2946217e-02   2.0845438e-03   6.7225881e-06  -4.1078424e-03  -7.1693507e-03   4.0274599e-04   9.2971417e-05   1.2033612e-02  -2.2400860e-02  -3.4261254e-03   4.7933078e-03  -2.3026951e-03
  -2.9535097e-03   1.9469476e-03  -2.4804861e-03  -4.5237567e-03   3.8371867e-03   9.6304111e-04  -1.7052764e-04  -5.9569917e-02   3.2175751e-01  -8.7995639e-03   2.8363405e-03  -8.0873087e-02  -1.5705665e-01   2.3984810e-02  -6.4475796e-03   7.7276871e-02  -8.6282701e-02   4.0201747e-02   1.2510280e-01  -2.2325725e-02  -1.2791332e-02  -1.5608495e-01   2.6668871e-02   1.3242297e-03   9.2402632e-04  -1.3413290e-03   3.1686193e-03   1.4111308e-03   3.0579444e-03  -8.5599112e-04  -4.5857765e-03  -2.4111323e-02   1.1153399e-03   7.8791459e-04
   7.9610986e-04   7.8577051e-03   3.8575522e-04   5.4458250e-03  -4.1466655e-02  -1.2091117e-03  -1.3473241e-04   5.8741579e-03  -6.8310833e-03   2.4759343e-03   1.9265262e-03  -8.3742683e-05  -3.5912043e-03   1.0146810e-02  -4.2431182e-03  -7.1840223e-03   4.4232199e-03   5.0177644e-04   7.4666239e-03   2.3747403e-03   1.2615265e-03  -2.8506500e-02  -3.7250485e-02   2.4113004e-05  -1.6812087e-03   1.9801160e-01  -5.1918772e-02   1.1547640e-03  -6.6983009e-04   4.1162685e-03  -4.7804942e-02  -2.1392602e-02   2.0353609e-04  -2.7918606e-04
  -2.0404609e-05  -2.6095362e-02  -2.2921052e-03   9.9949077e-03   3.7795916e-03   5.7415962e-04   3.8809902e-04   7.8536381e-03  -8.6994652e-03  -8.6292152e-04  -3.7328921e-03  -2.0360866e-03  -9.8258884e-03   1.7680196e-02  -1.3591612e-02   7.4415247e-03  -5.8092075e-03   2.8029278e-03  -1.9003641e-04  -1.8344644e-03   2.1982483e-03   9.9984500e-03   1.2036346e-02   2.5711688e-03   2.7641950e-03  -1.2875160e-03  -1.1225334e-01  -1.5734623e-02   1.9935748e-01  -3.6633742e-02  -5.9564757e-02   1.3557654e-02   1.4459268e-03   1.3746233e-03
   5.0531733e-05   8.3803460e-03   6.3309493e-04   2.4069797e-02  -1.4623029e-02  -1.5940340e-03   2.9039681e-04   5.9215542e-03   1.0164437e-03   1.5480765e-03  -4.6427693e-03  -1.6675012e-02  -1.3381294e-01   6.5809486e-02  -1.4166815e-02  -9.9670763e-03   4.6774445e-02  -1.1086701e-01   7.0139166e-02  -7.2206417e-03  -2.9042027e-02   2.4214845e-01  -4.9536840e-02   1.4127112e-03   1.1177616e-03  -3.9289602e-05   1.0005382e-02   3.6934955e-03   4.0746953e-03   6.1392671e-03  -7.9862899e-02  -1.9275726e-02  -8.1621393e-04  -1.0738955e-03
   7.6052370e-05   7.4756107e-03  -7.0467516e-04   8.3927705e-03  -7.2697797e-02  -9.7348876e-04  -1.0627516e-03  -1.5393244e-02  -4.3251694e-02   6.3619922e-04   1.1883370e-03   9.8305758e-03  -4.7691423e-02   8.4218959e-05   3.4973447e-03  -6.1319687e-03   7.9861579e-03   4.5697281e-03   1.4586415e-02   3.1475367e-03   8.4393495e-03  -8.6220229e-02  -2.9913861e-02  -1.7246225e-03   1.2387116e-03  -5.8818378e-03  -1.2513657e-02   1.6076857e-03   1.0848194e-02   2.5658764e-03  -5.2303988e-02   2.9590781e-01  -1.4083888e-03  -1.0059202e-03
