  -2.9536939e-01  -6.5766671e-02   4.2901875e-02  -2.0999515e-02   3.2473533e-01  -5.9645579e-02   3.3104316e-03   3.0891098e-01  -3.3565678e-01  -3.9227854e-01   6.4899145e-01  -2.7223226e-02   7.6332776e-02  -2.4934365e-01   8.0441106e-02   2.4283813e-01  -7.9242477e-02   6.2271892e-02   4.0376512e-02   2.7616206e-01  -3.0369204e-01  -3.1964524e-01   3.4474985e-01   6.5046150e-04  -5.5431942e-02   1.4392093e-01  -1.9528028e-01   2.5529013e-02   1.5341467e-01  -1.4898839e-01   3.1811592e-01  -2.5725159e-02   2.2599894e-01   1.7623671e-01
   4.8223219e-01  -6.1580471e-02   3.8431129e-02  -8.4868230e-02  -2.1421140e-01   5.1188365e-02  -3.4818076e-02  -8.2661631e-02   9.5687948e-02  -4.4687865e-02  -7.8306143e-03   4.1001180e-02   5.9290798e-03  -1.5243416e-02   5.2978932e-02  -6.5153859e-02  -3.1477176e-02   4.1947515e-02  -2.5819627e-02   4.4620414e-02  -1.4036300e-01   1.2628779e-01  -2.4337777e-02   7.6283331e-03   9.7061150e-02   4.3509447e-02  -1.4299611e-01  -2.4090995e-02  -1.4184770e-01   2.6709283e-01  -2.4878540e-01   3.0670847e-02  -5.0171099e-02   1.1518764e-01
  -1.3368023e-01  -2.7427386e-02   4.0124234e-03   2.3535703e-02   4.3050008e-01  -9.3372432e-02   9.9963915e-03   3.3103875e-01  -3.6914099e-01  -5.9184989e-02   2.7026478e-01  -5.2909962e-02  -1.2579714e-01  -3.2145301e-01  -1.0847213e-01  -5.3088279e-02   5.6723300e-02   3.5091767e-02   1.9547498e-01   9.1378684e-02  -1.6422990e-01  -1.3766818e-01   6.0754165e-02   3.4225944e-02   6.9800231e-03  -6.4464836e-02   1.4029929e-02   1.0728920e-03   1.0356471e-01  -5.5831328e-02  -5.1017504e-02   6.5494057e-02  -1.0169881e-02   4.1635253e-02
  -2.5119820e-01   9.9072399e-02   2.3593581e-02  -2.0098646e-02  -2.3392641e-01   3.7557664e-02  -2.1960503e-02   5.8319093e-02   2.7429773e-03  -3.9403712e-02  -8.1860006e-02   3.0968878e-02  -6.0666683e-02   3.3605216e-02   5.9816879e-02   9.0682172e-02  -4.8664589e-02  -1.5272705e-02  -2.8975473e-02  -6.2137964e-02   7.7246457e-02   5.2371493e-02  -8.0086007e-02   7.4291876e-03   3.5261053e-02   3.1736864e-02   2.1975958e-01   1.4144559e-02  -6.6437159e-02  -1.0929536e-01  -1.3494585e-02   2.0282413e-02   3.1265055e-03   3.0370745e-01
   1.3848443e-01  -2.2499095e-02   7.4448536e-02  -3.5340302e-02  -1.4960888e-01   8.5154178e-02  -6.3390603e-02  -1.4055153e-01   1.3994163e-01  -2.0139142e-02  -9.1099056e-02   2.5395775e-02  -6.3338693e-03   2.5741088e-03   1.9595537e-02   1.4951894e-02  -6.7256205e-02  -1.2337689e-02   1.8127494e-02   5.8347216e-02  -4.6462991e-02   3.6760777e-02   3.8442022e-02  -8.2181257e-03  -6.7760780e-03   2.3942880e-02  -5.1000544e-02  -1.8052870e-02  -3.4939170e-02   1.8802959e-01  -1.7891503e-01   9.0807993e-03   2.5222739e-01  -1.2681890e-01
   5.0928551e-02   4.1737920e-02  -1.8598316e-03   3.0036966e-02  -3.5354336e-01   4.4584033e-02  -3.4783229e-02   1.2918194e-01  -9.9215004e-02  -2.6295567e-01   6.2880294e-01   1.2468780e-02  -3.8827404e-02  -1.6635841e-01  -6.9336341e-02  -3.8827286e-02  -6.9662104e-03   6.2709131e-02   3.8826800e-03  -8.7716274e-02  -1.3740204e-02   2.2733258e-01  -1.1327578e-02   1.0369769e-02  -1.4876863e-02   4.1268713e-02   3.0079595e-02  -4.8684123e-03  -9.4425183e-03   4.0478049e-02  -7.6846864e-02  -2.1890263e-02  -2.5555442e-02  -2.6181268e-02
   3.0304197e-02  -1.7024358e-02   3.0558890e-04  -8.5164367e-03   9.4454965e-02  -1.2549417e-02   7.2443991e-03  -1.2573500e-02   6.0894941e-02  -7.4584309e-04   1.1862713e-03  -7.4366297e-03   1.4223576e-02   3.7363179e-02  -3.0214629e-02   2.4794118e-03   5.4273396e-02   1.1510778e-02   1.3899555e-02   1.4603876e-01  -6.4908656e-01   6.5598166e-02  -3.4055087e-02   1.8552421e-01   5.6506730e-02  -1.4255974e-03   9.2675242e-02  -2.5218898e-03  -5.0484006e-02  -4.9660028e-02  -3.3108697e-02   1.9982072e-02  -1.1499898e-02   2.0818158e-02
   3.2593724e-02   2.8087753e-02  -8.8119058e-03   1.2921166e-02   2.4158603e-02  -2.5254483e-02   9.8678211e-03   1.3818717e-01  -1.1537480e-01   3.6124146e-02  -6.0624065e-02  -1.3514633e-02  -1.4656918e-02  -5.3921164e-02  -9.9740113e-03  -3.7419952e-02  -8.1229761e-02   7.5087440e-03  -9.7539370e-03   3.8520048e-01  -1.1202876e-01   1.3906475e-01  -5.2525568e-02  -3.7925534e-02   9.3089863e-03  -1.6309366e-02   4.6030258e-02   3.5241769e-03  -2.6596020e-02   3.5807912e-02  -1.8908551e-01  -8.4063414e-03   4.9456229e-04  -1.9305204e-02
  -3.9964635e-02   3.1263629e-02   1.5052764e-03  -4.1762857e-02  -2.1605526e-01   2.3827984e-02   2.0509029e-03   4.4959750e-02  -4.6940165e-02   2.0967105e-02  -4.3488394e-02   1.8307899e-02   3.2479003e-02  -1.8956227e-02   4.1114094e-02  -9.7999419e-03  -6.1065386e-03   1.4389042e-02  -4.1439230e-02   3.0415947e-02  -2.7325577e-02   3.7876480e-02  -4.6046693e-02   2.1755032e-02  -2.1017655e-01  -1.2875544e-02   6.1217521e-01  -3.0536279e-02   7.7762741e-02  -4.1486544e-02  -1.4353541e-01   4.3419633e-03   3.4154460e-03  -3.9652415e-02
   3.2002064e-03   3.4715552e-02   1.2670552e-02  -3.6277727e-02  -5.1020803e-02   5.9572142e-03   3.3030525e-03   8.1181949e-03   7.3641791e-02   3.4180194e-02   1.7753602e-02  -1.6352578e-01   2.6910735e-02   6.3872255e-02  -1.6275447e-02   6.7799928e-03  -1.0882535e-02  -7.0804626e-03   3.1872202e-02  -1.1992174e-03  -1.2928267e-02  -7.1039888e-02   2.8789703e-02   1.3771932e-03  -3.0468370e-03  -6.4614106e-03   1.0107713e-02   2.9296316e-04  -3.8744778e-03  -2.7189866e-02   3.1240788e-02   1.8732712e-02   3.7195883e-03   7.8492730e-03
   5.2915470e-02  -9.7646643e-03  -4.3511298e-03  -8.0810670e-03  -2.7973051e-02   8.2380460e-03  -3.2150920e-03  -1.4555469e-02   1.4870837e-02   3.7489536e-03  -2.2170820e-03  -4.6827796e-04   1.9679665e-02   4.5218367e-03  -3.8635267e-03   2.7107186e-03  -1.8788987e-03   1.4775156e-02   4.7225955e-03  -5.4534673e-03  -7.1062168e-02  -2.4093604e-02  -9.4488530e-02  -2.6074327e-02   2.7403433e-01  -2.0755949e-02  -1.9237995e-02   1.4006993e-01  -4.6131776e-02  -5.0658035e-02  -1.3266012e-02  -1.5088872e-02  -2.7311509e-03  -6.4297629e-02
   9.8491949e-04  -3.7214951e-02  -1.2963746e-02  -1.8721757e-02  -6.9395956e-02   1.0713691e-02   1.0984436e-01  -7.2068051e-02  -8.4760552e-02   4.3377347e-01  -1.4814606e-01   3.9395667e-03  -3.0125398e-02  -4.6011646e-02  -2.0519978e-02  -1.9776825e-02   3.8582449e-02  -2.0621780e-02   4.9779963e-03   8.5401616e-03  -3.9491246e-02   5.2097199e-02  -1.9918871e-03   6.8504257e-03   2.8608269e-04  -2.7546015e-02   4.7513768e-02  -3.0566228e-03  -8.4803100e-03   4.4599137e-03  -3.4368355e-02   1.9957706e-02  -1.6926687e-02   7.8245734e-03
  -1.5242097e-03   1.4899071e-02   7.4466579e-02   1.7320243e-02   2.7547244e-02  -2.5089901e-01   1.3677990e-02   5.1671619e-02   1.6657611e-02   6.8412949e-02  -1.1354942e-02  -1.7523867e-04   4.1786639e-03  -1.7470458e-02  -3.2157376e-03   4.9460270e-03   4.9700404e-03  -3.7315376e-03  -8.3353902e-03   4.2580753e-03  -1.4332116e-02  -3.4912380e-03   7.8282773e-03   2.2106969e-03   3.8541756e-03   1.2297296e-04  -4.8658121e-03   2.8520435e-04  -7.9018502e-03  -1.1359511e-03   7.7136954e-03  -2.0428557e-03   3.7736764e-03  -7.2499361e-04
   3.0814105e-02  -2.2175417e-03   2.7777843e-03  -9.4430620e-03  -1.0088489e-02   1.1188405e-03  -6.0211060e-03   6.1609233e-03   1.1890443e-02  -1.5058683e-02  -1.5511529e-02   7.3051469e-04   1.3687609e-02   2.8585095e-02  -2.2445576e-03  -5.8455848e-03  -1.2015378e-03   1.0134572e-02  -1.4052276e-02  -6.0745793e-02  -3.2037201e-02  -2.5496133e-02  -6.4881243e-02   2.7273716e-01   5.3650613e-04  -7.8683485e-03   8.5415911e-03  -3.6588609e-02  -1.5714801e-02   2.9372260e-03  -1.1464408e-02   9.2060131e-03  -3.4017937e-04  -3.9631512e-02
   4.9002725e-02  -3.8384231e-03  -7.9391688e-03   2.8719164e-05  -2.3443973e-02  -7.6830720e-04   6.9019541e-03   1.6212555e-02  -6.4098048e-03   5.5663508e-02  -1.6663600e-02  -4.7919714e-03  -7.4181074e-02  -2.1735698e-01  -1.9012285e-02   2.5653835e-01   1.2284728e-01  -5.7830091e-03  -8.3151271e-03  -1.1665207e-01   9.4901512e-02   1.7471624e-02  -2.8918696e-02  -1.4137378e-02  -7.1643013e-03  -1.1917650e-02   1.4265267e-02  -1.1407435e-03   5.7450910e-03  -6.4765532e-03  -2.5454360e-02   4.9642158e-03  -4.8334316e-03  -2.1185360e-02
   8.1014653e-02  -1.1474812e-01   8.6761464e-03  -4.3619009e-03   1.1910266e-02   1.8426337e-02  -5.6350146e-03  -1.4936471e-01   4.2722847e-01  -3.3436302e-02   6.4498422e-02   1.3038990e-02  -2.5372423e-02  -2.9328193e-01   3.1739539e-03  -2.4066103e-02   8.2585602e-02  -3.0349979e-03  -4.9488089e-02  -1.2174036e-02  -5.9356590e-04   6.2868325e-02   1.2728078e-03  -2.1316107e-03  -1.5800542e-02   2.8799583e-03   2.9016351e-02   8.7163139e-04   1.0154646e-03  -3.3636121e-02  -3.5370210e-02  -7.4158451e-03   2.8673540e-03   6.9195782e-03
  -1.8143811e-01   4.6209972e-01  -1.0761744e-02  -2.3421423e-02  -6.0117634e-02  -2.1796086e-02  -1.5773064e-03   5.3493791e-02   5.6826492e-02  -2.9156969e-02  -1.9344408e-02   1.0280204e-02   8.8947076e-03  -5.1677908e-02   3.9105385e-02  -3.2087721e-02   5.2274570e-02  -3.7249442e-02   9.2009650e-03  -2.5218167e-02  -1.2364940e-02   2.2260364e-02   1.5047961e-02   5.3216340e-03   1.7569546e-02  -1.2747755e-02  -4.0095189e-02   4.0923997e-03   4.2675359e-02  -3.9584474e-02  -2.0820085e-01   9.3763750e-03  -2.6263798e-03   2.9439780e-03
   1.7438548e-03   1.5860837e-02  -5.0483544e-03  -8.9632848e-03   5.0587408e-05  -1.2927053e-03   3.4818916e-03   2.4607275e-02  -5.3897533e-02   1.9204809e-02   1.4124625e-02   4.4396295e-03  -2.6439949e-02  -6.7878328e-02  -2.4295967e-02  -4.0278191e-04  -9.6574801e-03   1.4799328e-03   3.9015371e-01  -1.1572459e-01  -1.1438244e-01  -7.4176754e-02  -2.8574310e-03   2.1771351e-02  -3.1208381e-03  -1.1055606e-02   4.8331041e-02  -3.9307359e-03  -5.9707354e-02   1.8190746e-02  -1.6111351e-03   1.7395777e-03   1.0441868e-04   2.5483013e-03
   7.1536554e-03  -5.1116553e-02  -2.3251595e-03   4.2631558e-02   5.5837137e-02   8.3451694e-04   2.8334305e-03   9.7136508e-03  -3.1929148e-01   4.9166743e-02   7.0476701e-03  -1.2351220e-02  -3.6748116e-02   2.7052167e-02  -1.6602542e-02  -1.3409272e-02   3.5621926e-02   2.0774679e-02  -7.4915439e-02  -5.9374044e-02  -4.5961354e-02   4.9481269e-01  -9.1859441e-02   1.2737430e-02   3.4863598e-03  -9.6079953e-03  -2.3201115e-02  -2.2225208e-03   2.9565020e-02   2.4032916e-03  -4.7373740e-02   3.8919375e-03   3.9416240e-03   3.2369164e-03
   9.2496317e-02   3.3160868e-02  -2.0830130e-01   2.2559490e-02   3.2865599e-02  -2.3968106e-02   5.0138060e-02   7.7763453e-03   1.2976657e-02   4.5886756e-02  -7.9067948e-03  -1.4562499e-03  -1.3511780e-03  -2.2384610e-02   1.1386197e-03   1.9783903e-03   4.5581640e-03   2.0254958e-02  -1.2373949e-02  -3.1801791e-03  -2.3526908e-02   1.4074604e-03  -2.8139937e-03   4.2894649e-03   1.2562846e-02  -1.1069102e-02  -2.0575698e-02   2.0306473e-03  -1.8393743e-02   7.2583306e-03  -1.8144539e-02  -1.9937325e-03   2.3432867e-02   4.5128434e-03
  -6.2691493e-03  -6.8959177e-03  -3.6640302e-02   1.1200722e-03  -2.8629248e-02   4.0797710e-02   1.6142382e-01   1.0150209e-02   1.6411270e-02  -1.5512331e-01  -2.2603053e-02   3.1945938e-03   4.9590761e-03   3.2823467e-02   3.0225132e-03  -1.5712334e-03  -1.1729343e-02  -1.1612188e-02   4.3958563e-03   2.0324471e-03   2.0602000e-02   2.4416501e-03  -7.8260779e-03  -7.2103048e-03  -4.7131928e-03  -3.4073588e-04   7.0811596e-03  -1.7879260e-03   9.1304072e-03   5.5262865e-03  -2.6823325e-03  -1.6429321e-03  -1.1034741e-02  -3.2965665e-03
   8.3541952e-02  -3.7338482e-02  -7.6810353e-03   4.9079836e-03  -3.1875527e-02  -6.8781076e-02  -4.4633763e-03   3.5508318e-01  -2.7825750e-02  -1.3426922e-01  -1.1319689e-02  -1.7160210e-03  -1.8220642e-02   1.3391943e-02   1.5020287e-02   1.6225348e-03  -1.3997427e-02   3.8789452e-02  -4.8424187e-02  -3.5775343e-02   7.9387696e-02  -6.2985853e-03  -4.4930661e-02  -1.0371387e-02   6.0896919e-03  -1.6091988e-02   4.7430687e-02   2.6985184e-03  -4.2441263e-02  -2.1150651e-02  -6.8313487e-02  -9.0346383e-03   7.8961377e-03  -1.2278581e-04
   1.3083940e-02  -4.2172368e-03  -3.7777419e-03  -3.5790799e-03   7.8542861e-03  -1.3090316e-03  -4.5025049e-04   4.9570945e-03  -8.1007895e-03   1.3601096e-03  -6.1838014e-03  -1.1385236e-04   5.3382414e-03   4.5963019e-03   5.0228295e-04   1.4058328e-03  -3.8691906e-03  -2.9248596e-03  -1.1662850e-03  -6.2321469e-03   1.0801761e-02   8.5324742e-03   8.3837164e-03   1.8844971e-02  -1.2264870e-01   1.4186091e-03  -1.3602439e-02   1.4391695e-01  -1.2313419e-02  -1.5490958e-02   2.8064941e-03   9.9368982e-04  -2.1321342e-04  -2.6608706e-02
  -3.7505289e-02  -6.7854569e-02  -1.8350149e-02   2.7214180e-01  -1.1237937e-01  -3.4424732e-02   2.0391282e-04   7.0263899e-03   1.5953045e-02   1.1283638e-03  -1.0012410e-02  -7.5367536e-03  -2.3537937e-02   1.3720083e-02  -3.4967955e-04   1.6404925e-03  -3.2564750e-03   1.5261025e-02   8.3937106e-03   7.4749050e-03  -2.4558451e-02  -1.9030809e-03   8.1930287e-03   6.6781885e-03   7.8996346e-03   1.8003440e-02  -1.0371632e-02   1.5385190e-03  -6.0329148e-03   1.2079612e-02  -2.3142845e-02  -1.6120530e-02  -4.0830245e-03   4.5862270e-03
   1.2382110e-02  -3.6739583e-02   1.9644073e-03   2.6466894e-04   4.2066569e-02  -3.7648956e-03   2.2562275e-03   1.2000750e-02  -1.7988099e-02   2.1688045e-02  -4.7455857e-02  -6.3257223e-03  -2.7934153e-02  -1.5226366e-01   2.8932822e-01  -9.2151103e-02  -3.9982756e-02   3.5599604e-03   5.0315326e-02  -8.3826003e-03  -1.7142836e-02   2.9321419e-02   5.7708480e-03   3.0045404e-03   3.1898989e-03  -7.2574796e-03  -2.1467262e-02   1.3944377e-04   2.1755969e-02   3.2247218e-03  -1.6871566e-02   3.5270224e-05  -3.9190904e-03  -3.1096883e-03
   1.4855929e-02   1.0798430e-03  -2.8320238e-03  -4.0792155e-03  -2.3178089e-02   7.7803126e-04   3.3710976e-04   3.1936253e-02  -6.2709540e-02  -8.4333547e-04  -1.3050853e-02   5.5948673e-03  -9.0219865e-03   3.6299194e-02  -6.4793975e-03  -1.5277682e-02   2.6476870e-02   9.7238428e-03  -3.2148999e-02   2.4812101e-03  -9.8158883e-02  -2.9450668e-02   2.6160039e-01   2.9631541e-03  -4.9606819e-02  -1.3964383e-02  -4.2262460e-03  -2.0089265e-03  -2.8284773e-02   1.5378444e-02  -1.7161811e-02   1.7757730e-04  -6.8410803e-04  -5.2681514e-03
  -1.1966710e-01  -3.5358286e-02   1.3979827e-03   1.3493744e-02   1.8661849e-02  -9.3265774e-03   1.2391557e-03   4.7975775e-02   4.4171392e-02  -2.8676127e-02   1.2312637e-02  -3.8237949e-03  -1.5434409e-03  -1.7658936e-02  -7.2988003e-03  -8.9437160e-05   2.1456308e-02   9.4838572e-03  -1.1239458e-02  -7.0656381e-03  -1.8592532e-02  -8.1708107e-03  -5.4695844e-03   7.0830544e-03   1.1340261e-02  -1.5918204e-02  -5.3341292e-02  -7.6656780e-03  -1.6105264e-02   1.8722832e-01   7.6998789e-03  -3.2167667e-03   1.8678125e-03  -1.7876801e-02
  -1.1178855e-02   2.9301010e-03  -5.9535638e-04   3.8240881e-03  -5.2633236e-03  -2.7044979e-03   4.2724691e-03   4.2609496e-02  -1.6644005e-01   3.0591895e-02   1.0279803e-02  -8.7651347e-04   2.7342965e-01  -9.1947861e-02   1.5292467e-02  -4.6373559e-03  -3.6572493e-03  -2.5626904e-02  -5.3769586e-02   1.5424295e-02   1.0101102e-02  -7.0634305e-02   6.7673470e-03  -1.5812152e-03   4.2730160e-03  -1.0952270e-03  -4.0175890e-03  -1.8394510e-04   6.2177260e-03   3.8051426e-03   1.0082161e-02   3.2969785e-03  -5.1608359e-04   2.5854132e-04
   5.3437601e-03  -1.0685593e-02   2.1467387e-03   3.1506095e-03   1.6670582e-02  -8.9467664e-05  -1.4345011e-03   1.0047767e-03  -2.1866820e-02  -5.1830455e-03   4.9696904e-03  -4.2004134e-03   1.0295610e-02   3.8657576e-02   1.7759287e-02  -1.7994052e-01   1.8339238e-01   1.5285507e-02  -1.9654747e-02  -4.8282341e-02   3.7009961e-02  -2.7599339e-02  -2.5913621e-02  -2.4339439e-03   6.1473474e-03  -5.9469205e-03   1.2306352e-02   4.9365096e-04  -1.1698623e-02  -4.6917660e-03   7.8795776e-03   3.9167982e-03   4.0013804e-03   6.1210821e-03
  -6.3934727e-03   1.5946146e-02  -2.9025248e-04  -2.2094629e-02  -1.9010940e-01  -1.1402439e-04   1.2718134e-03   8.3106268e-02  -6.7177693e-03  -9.3499974e-03  -1.8293130e-02   2.0419322e-02  -1.4181997e-02  -4.5621921e-02   9.6996153e-03  -2.7932788e-03   5.1844069e-03   1.1894450e-03   3.7786422e-04   2.0680397e-02  -4.3580596e-02   7.9616293e-02  -1.1384045e-02   6.4848394e-03   8.9543832e-03  -1.0657475e-02  -2.9066561e-02  -1.4195037e-04  -2.3586433e-03  -1.5876273e-02   1.7523048e-01  -3.4835003e-03   1.0464230e-03  -8.5430624e-04
   1.2254519e-02  -5.3393340e-02   4.6699789e-03  -4.1443839e-03  -1.5609669e-02  -6.3417143e-04  -1.7255653e-04   3.2331837e-02   2.9567470e-02  -1.2912056e-02  -6.3737682e-03  -3.0519752e-03  -1.2632391e-02   2.3563356e-02  -2.2383822e-02  -3.3900879e-03   1.3122793e-02   4.8029215e-03   2.3534307e-02  -1.1202998e-03  -4.1793659e-02  -2.0485255e-02   1.9077947e-02   1.0661411e-02   7.7322320e-03   4.2572507e-03  -8.3481893e-02  -2.7359745e-03   2.0202603e-01  -4.8541419e-02  -5.6509273e-02  -2.4308977e-03  -1.2648568e-03   2.3168573e-03
   7.6686523e-03   5.2648754e-03  -7.8786714e-04  -3.4189559e-03  -5.6119360e-02   5.4481867e-03  -1.8614554e-04  -8.0489201e-03  -7.8812774e-02   8.0269926e-03   2.4462003e-03   8.0771999e-04  -2.2189773e-02   9.8588689e-03   6.6261807e-03  -2.7912650e-03  -3.5654740e-03   5.7387959e-03   1.0149687e-02  -1.4120985e-03   1.3920988e-02  -5.3939929e-02  -1.7914274e-02  -2.5775734e-03   2.7464602e-03  -2.3986800e-02  -5.5219574e-04   1.1326692e-03   3.8872388e-03   2.9219855e-03  -1.8338587e-02   2.1216894e-01   2.1676854e-03  -3.6429620e-03
   2.7804301e-03   2.6458433e-03   1.8878624e-03  -9.9464410e-03  -4.7508284e-02   5.2631057e-03   2.6544858e-03   3.2172979e-03  -1.7013928e-02   1.6628307e-02  -1.1148829e-02   3.3784215e-03   2.7032109e-03  -2.6655571e-03   9.2908731e-04  -4.3850309e-03   1.0258699e-02  -5.8204590e-03   4.1359732e-03   1.7401750e-03  -2.7167403e-03  -2.6953831e-02  -2.4636324e-02   9.7403951e-04  -1.0281038e-02   1.9152912e-01  -4.2513594e-02  -5.7502905e-04  -1.6454421e-02   1.0438037e-02  -2.7270970e-02  -9.3874408e-03  -1.7754243e-03  -2.5192642e-03
  -9.8063920e-03   7.6396864e-03   2.3638641e-03   1.3826106e-03   5.6797813e-03   1.9429954e-03   2.5858370e-03  -1.9842257e-02   2.0514284e-02   1.5427544e-02   6.5779743e-03   1.4142675e-03  -3.0518643e-02  -4.2445486e-02   5.3061429e-03  -2.0197974e-02  -3.5127400e-02   1.8114312e-01  -6.8761145e-02  -2.5087795e-02   3.9540237e-03  -3.1219369e-02   1.3462736e-02   3.3510942e-03   7.5025427e-04   9.4333504e-03  -9.3962641e-03   1.6171139e-03   1.5597982e-03  -3.4971747e-03   6.5169774e-03  -1.7809634e-05  -1.7708795e-03   1.7073244e-03
