  -1.6609107e-01  -2.6629191e-02  -6.2518269e-02   2.4842692e-02   1.0206037e-02   2.2986924e-02   7.6089656e-03   7.9187926e-03   6.9453550e-03  -9.7890906e-03  -2.1665439e-02  -6.0686345e-03   6.4031085e-02   1.9745421e-02  -2.9041743e-02   1.1903788e-02   3.5342573e-02  -3.8512950e-02  -8.6199879e-02   7.0938813e-03   5.3382861e-02  -3.6329749e-02   4.5090097e-04  -2.5029937e-03   5.2448624e-02   1.4651297e-02   6.4694195e-02   5.7258662e-02  -1.0796174e-01  -1.6930331e-01   2.0370797e-01  -4.9806494e-02   1.8065235e-01  -1.0499610e-01
  -4.2196527e-02   1.3601941e-02   4.2351867e-02   4.4217367e-02  -2.9533992e-01   6.9328916e-03  -2.8224808e-02  -7.4733339e-02  -2.8076176e-03   4.8805198e-01  -6.5574395e-01  -1.2086088e-01  -2.1299498e-01   2.8929410e-01   4.4619054e-02   5.7485228e-02  -1.9918104e-02   9.8665025e-02  -1.6791149e-01  -2.8181965e-02  -2.3012907e-01   1.2698680e-01   3.7194203e-01   8.6144783e-03  -4.3864496e-02  -3.4849591e-02  -3.3899716e-01   9.1206143e-02   7.3141794e-02   1.4190485e-02   2.1544125e-01   1.2275709e-02  -7.6842270e-02  -6.0697790e-02
   6.7407656e-02  -2.4665117e-03   1.9156022e-02   5.0464593e-01   1.1716726e-01   1.6811014e-02   1.5143073e-02   7.5349755e-02   4.3537920e-02  -3.7521617e-01   2.2563927e-01   2.1622366e-03   9.2055450e-03  -1.7908813e-02  -5.4029482e-02   1.5735091e-02   1.6882496e-02   1.3819003e-01  -2.5843567e-01   5.0598996e-02   3.4082902e-03   6.7976055e-02  -2.0117170e-01   7.2697211e-03   1.2965293e-01  -1.8643225e-02   9.1819943e-02   2.2952098e-02  -1.0421826e-01  -1.0535244e-02  -7.8203425e-01   4.7392002e-02  -4.1596607e-02   3.3593747e-02
  -6.5494826e-02  -8.7348171e-03  -3.3112839e-02   4.9977005e-01   7.8304571e-02  -6.1362718e-02  -1.6691613e-02  -5.4765800e-04  -2.1863325e-02   1.3393279e-02  -4.7740658e-01  -1.8484141e-03   8.9307917e-03   2.2370582e-01   3.7705412e-02   1.5596827e-02  -1.7936621e-02   1.7872786e-02  -2.6273997e-01  -1.5220195e-02   4.1253057e-01   2.0485547e-02  -2.4306085e-02  -2.6138421e-02  -3.8556065e-02  -1.7029983e-02   7.9591488e-03  -2.7728101e-02  -4.8335381e-02  -3.2070382e-03  -2.2910045e-01   9.9399667e-03   2.0217898e-02   1.6981034e-02
   2.7211748e-02  -2.1656166e-02   1.8346430e-02  -1.0189015e-02   1.3265405e-02  -2.0155579e-03  -1.2643741e-03  -1.2282308e-02   2.4812972e-02   1.1488310e-02  -1.0078875e-01  -1.8197074e-02   3.4597827e-01   5.6071956e-03   2.6934919e-02  -8.6501506e-02   1.9673687e-02   4.7501113e-02   1.2515621e-01  -6.2632423e-03  -2.9123864e-01   5.8219606e-02  -1.1734674e-01   2.0884052e-02   6.0582941e-02  -1.9389807e-02   3.8854940e-02   3.7911061e-02   5.1643695e-02  -6.3167204e-04  -1.8513705e-01  -3.8648708e-02   1.5071837e-02   1.4069012e-04
  -5.2549391e-03  -3.7739972e-03   3.0559021e-03   8.7498320e-03  -7.7584450e-03  -9.2759674e-03  -7.8479062e-03   2.9431033e-02  -8.8904185e-03   7.3090192e-02  -1.1366890e-01   2.2102508e-02   4.0954477e-03  -1.5996819e-01  -9.4330013e-03   4.9619127e-01  -1.3619257e-01  -6.8579298e-02   8.8477195e-03  -1.4904888e-03  -2.6555105e-02  -1.5288862e-03   2.8145782e-02   1.8908972e-03   8.7513176e-04   3.7349742e-03  -4.4479635e-02  -1.2037710e-03   2.5075812e-02   4.8015272e-03  -1.9714323e-02  -1.3384371e-02   3.3577898e-04  -1.2513219e-03
   3.2729832e-02   1.1986839e-03   2.6567891e-02  -6.3317282e-02  -1.7737584e-02   1.1565364e-02  -6.1564325e-03  -1.0030622e-03  -1.1800787e-02   7.9765743e-02  -6.7903348e-02   7.8650949e-03  -3.3664155e-02  -1.8739320e-02  -1.3026328e-02   4.2070978e-02  -6.1469509e-02  -6.5037899e-02  -2.5030500e-02  -3.4531741e-02   5.7943022e-01  -4.7575803e-02   3.3885330e-02  -4.2542052e-02  -1.0651032e-01   1.2958613e-04  -6.6033351e-02  -1.7044470e-02   3.4183985e-02   5.9151940e-03  -9.0472224e-02  -3.6216653e-02   4.2512356e-03   6.1791412e-03
   1.4214203e-02   6.8530249e-03   5.4515032e-02  -1.5499019e-02  -7.2500614e-03  -8.6583906e-03  -4.0473212e-03  -6.3518943e-04  -2.5253574e-03  -7.3381569e-03  -3.5701033e-02   4.7895188e-03   1.6118966e-02  -2.2792083e-02   7.9433700e-03   9.0184304e-03   3.0909919e-03  -1.8816783e-02   3.8257592e-03  -9.5646437e-03   3.2064702e-02  -1.5227856e-02   2.7977272e-02  -2.5069447e-03   1.2749911e-03  -3.5558425e-03  -4.2369957e-03   1.2907738e-02   2.7101142e-02   3.8515843e-02  -3.1805309e-02  -4.9327971e-03   1.3436809e-01  -2.2195101e-01
  -1.1423561e-02   8.3769816e-03  -5.4021158e-03   1.4387136e-01   2.8557012e-02  -4.6790248e-02  -2.2147751e-02   4.7327339e-02  -1.4117929e-02   2.9763472e-01   5.7463764e-02  -1.3394650e-03  -3.7245734e-02  -2.1255512e-02   6.7979253e-03  -6.0102777e-02   3.7108579e-02  -6.9331453e-02  -2.3236197e-02   1.6935501e-03  -2.0083000e-02   7.0836755e-02   1.9992355e-02   1.2670440e-03   3.3704828e-02  -3.2017397e-03  -2.7437722e-01  -2.5244580e-03   2.8920314e-03  -2.5378895e-02   2.1912825e-02  -3.8664256e-02  -2.1699065e-02   4.5994744e-02
   3.3165411e-03   3.7677756e-04   1.9868357e-03  -4.0477480e-02  -6.2481785e-04  -2.2412658e-02  -6.9250610e-03  -1.2570361e-02  -8.8732334e-03   2.7575884e-02  -6.1842500e-02  -1.4108868e-02  -2.4944477e-02   4.9133999e-02   2.8962411e-02  -1.5681343e-02  -1.6220566e-03  -1.5205290e-02   5.8932750e-02  -7.4187652e-03  -3.8676652e-02  -1.5032433e-02   3.6010952e-02   2.2354561e-03  -4.7871216e-02  -2.7875962e-03  -5.7674115e-02  -2.6050794e-02   2.5461560e-02   1.1628065e-02   1.2664137e-02   3.4903407e-03   1.4206588e-01   1.5619605e-01
  -7.1495685e-03  -1.3006201e-03   8.8494757e-03  -4.3685650e-03  -6.3484719e-03   1.5704683e-02   4.4736748e-03  -4.3533318e-02  -3.9796020e-02  -8.6007734e-02  -1.7284804e-02  -1.3472536e-02  -1.2620355e-01   3.8720216e-01   9.1587864e-03  -6.4556991e-02  -9.2736661e-03  -2.7355394e-02  -8.3876629e-02   2.9263912e-02   7.4203521e-02  -2.6395208e-02   9.1280380e-03  -5.5351110e-03   1.7247719e-03  -8.2107685e-03   2.3193756e-02  -2.3868409e-02  -9.3689620e-03   7.0118279e-03   6.8227970e-02  -2.3296533e-03   3.6117801e-03  -1.1743733e-02
  -2.1748863e-02   4.1830087e-03  -1.3574479e-02   5.5944500e-02  -1.3160454e-02  -5.5534306e-03  -1.3380698e-03   1.7611170e-02  -2.8610702e-03  -3.6345401e-02   1.4826712e-02   7.2288600e-03  -5.7267432e-02   3.3409979e-02   4.2835168e-03  -1.3862973e-02   3.2548298e-03  -2.9866874e-02   8.5385302e-02   5.5648406e-03  -2.2746549e-02   3.6326862e-02  -4.2825024e-02   3.7876383e-03  -7.4460229e-02   2.1138928e-02  -3.6427920e-02   2.7742411e-01  -3.3256222e-02   1.0714653e-04   4.1977547e-03  -2.9637276e-02   1.0953674e-03  -7.8651917e-02
  -2.2789667e-04  -9.6735812e-05  -3.0928802e-03   1.4205594e-02  -5.7344403e-04   6.9050422e-04  -2.9969966e-03  -5.9897967e-04   9.2966313e-04  -1.9322661e-02  -9.9572512e-03   9.5196554e-03  -3.1000591e-03   1.4262734e-02   2.1404188e-03   1.4361173e-03   8.1319408e-04  -5.6700502e-03   4.2436827e-02  -1.7109265e-02  -1.1898496e-01  -5.1821294e-04  -1.7576991e-02   1.8622684e-01   2.1079581e-02  -2.6944647e-03  -1.0100931e-02  -2.6598364e-02   9.2961549e-04   5.5426505e-03  -4.7435913e-03   1.6404937e-03  -2.7380531e-03  -2.4719620e-02
  -6.5720245e-04   8.7761629e-04  -1.5904616e-02  -2.2782873e-03   9.3461797e-03  -3.1612770e-03  -3.6755654e-03   3.1967810e-03  -1.6810278e-02   4.7594729e-02   2.4552751e-02   2.7654046e-02  -1.7445363e-01  -4.7104662e-02  -6.0913286e-03  -3.3897618e-02  -6.8866888e-02   3.9919328e-01  -1.0930206e-01  -1.2734375e-02  -8.1485696e-02  -1.3266819e-02   6.9573904e-02   5.7225494e-03  -4.7154037e-04   7.0500896e-03  -3.1780857e-02   1.3858451e-03  -1.5823454e-03  -1.3573972e-03   3.5149665e-02   2.0563458e-02   7.1175609e-03  -4.0348114e-03
   3.0043689e-03   3.3110099e-03  -2.6360648e-03  -2.6074232e-02  -7.1877715e-03   8.0936893e-03  -2.3910097e-03  -9.7841482e-03  -2.9117292e-03   3.2283940e-02  -1.1360684e-02  -2.1151708e-03  -3.2028821e-02   3.8998213e-02  -2.4910180e-03  -2.0596806e-01   3.3654541e-01  -4.3337283e-02  -5.4150552e-02  -2.5153698e-02  -4.3260868e-02   4.2989295e-02   1.9813593e-02   2.3023388e-03   1.2199093e-02   1.1012831e-03  -1.9968170e-03  -6.4613457e-03   3.7324546e-03   2.1471430e-03   1.2942589e-02  -1.1432850e-02   1.7446165e-03  -1.8165883e-03
  -8.0392908e-03  -7.9034864e-03   1.2217059e-02   4.5137002e-02   2.9576463e-02   2.0064170e-02   9.2327083e-03  -3.4861627e-03   2.8733875e-03  -1.4946049e-01   1.1645826e-01   1.7834852e-02  -1.3268652e-02   2.9445385e-02  -2.8003355e-02  -8.7746584e-03   2.4813608e-02  -3.6721883e-02   5.5463024e-03  -5.7245690e-03  -9.7476581e-02  -4.6530885e-02   3.0484196e-01  -2.7728941e-03  -7.0693996e-02  -1.7229729e-03  -9.3108917e-03   5.6501781e-03   3.9777923e-03  -3.4952415e-03  -1.1461096e-01  -4.4009154e-03  -8.3810323e-04   1.7283234e-02
  -4.8815140e-03   5.0546657e-04  -1.9185011e-02  -2.9409102e-03   8.9675037e-04  -3.8538915e-02   1.9078492e-01  -4.7908555e-03  -2.2092178e-03  -5.3869735e-02  -7.5380874e-02  -1.8419440e-03  -9.0599281e-04   2.4102962e-02   1.6711148e-02  -7.4049198e-04  -2.9967789e-03  -4.2254203e-03   1.4824804e-02   7.4929636e-03  -1.8502020e-02   5.6058242e-03   1.0553982e-02  -2.0747187e-04  -1.3861146e-02   2.9965790e-03   6.2257570e-03  -3.5624707e-03   5.9989761e-03   2.2393435e-03   1.1407992e-03  -4.4308073e-03  -2.3460739e-02  -1.3170106e-03
  -4.5815709e-05   6.7132028e-03   9.8838619e-03   2.5824810e-02   1.1690036e-02  -1.6228460e-03  -1.0671082e-04  -5.5946431e-02   8.6587029e-03   1.8155437e-02  -2.0220741e-02   2.1369273e-02  -4.8554638e-06   4.6418670e-03   3.7002928e-03   9.0551047e-04  -2.4692863e-03  -1.3389983e-02   9.6976485e-03   2.1525326e-03  -9.3094776e-03  -7.0838132e-04  -2.5807099e-02   9.4187177e-04  -3.6763247e-03   1.5892969e-01  -2.3879290e-02  -9.2821853e-03  -3.7458257e-03   1.4526441e-03  -9.2424322e-02  -3.5243084e-02  -3.3650497e-04   7.3746523e-03
   1.2607263e-02   3.1202913e-04   2.2033110e-04   1.9363117e-03  -6.9517188e-03  -1.0348693e-02  -2.8927132e-03   5.3903829e-04  -5.3926223e-03   1.0922588e-02  -1.1454422e-02  -1.6944181e-03  -1.8027910e-03   1.2285983e-02   6.5143947e-03  -9.2234751e-03   1.0545685e-03   3.9166094e-03   5.0031380e-02   1.6589023e-02  -1.8467613e-01  -9.8929246e-04  -1.9582647e-02  -1.4023486e-02   3.5318291e-01  -1.5674099e-03  -8.0994674e-02  -1.6342032e-02  -2.5528791e-03  -3.9641849e-03  -1.9924266e-02  -5.5562733e-03   1.5701227e-03  -3.7537227e-02
   1.1443812e-02  -1.3648705e-02  -3.9005258e-03  -5.8672137e-03  -3.8395224e-02   3.1511321e-03   2.0271771e-03  -1.6021160e-02   2.1395362e-01  -4.5946055e-02  -1.8941041e-02   2.9351201e-03  -7.1688446e-02   6.9284886e-03   9.7804276e-04   4.1105486e-03  -8.2411153e-03   2.2051035e-02  -1.4529900e-02   9.2532147e-03   2.8370771e-02  -8.5244074e-02  -1.7365654e-04  -6.9413941e-04   6.7670582e-03  -3.2319409e-03  -1.1270205e-02   1.0017730e-03  -3.1186559e-03  -2.0289779e-03   3.0158522e-02   4.1455239e-03   6.4586401e-03   2.3526076e-03
  -1.2591738e-01  -7.4537421e-03  -1.7347516e-02   2.3602921e-02   6.0404683e-03  -7.9428827e-03   6.3983744e-04   8.9849285e-03   4.2730145e-03   1.4843576e-02   1.5481041e-02  -5.3513637e-03   1.8557392e-02  -1.4210817e-02  -4.5678501e-03  -1.3017597e-04  -1.5803209e-03   7.5779983e-03  -1.2558412e-02   2.2294922e-02  -4.3295528e-02  -2.0745438e-02   2.4438204e-02   3.2148260e-03   1.8473258e-03   4.5133429e-03  -1.9363139e-02  -8.2693802e-03  -3.1989799e-02   1.6623522e-01  -2.5670268e-03   6.2310977e-03   1.5328802e-02  -1.8904101e-02
   2.3098023e-03  -6.6890718e-03   1.7941820e-03   1.0544248e-02  -3.6979406e-02  -2.9696373e-03  -1.1532932e-02   6.4061366e-03   1.0526784e-03   1.6146389e-01  -5.5323777e-02  -1.3843096e-02  -1.8319768e-02   7.8400955e-03  -1.8292272e-02   2.1381275e-02  -1.4932860e-02   1.7268272e-02  -3.8402898e-02   1.9232026e-02  -6.1107934e-03  -3.8513123e-02   9.4780590e-03   2.3135093e-03  -3.6391901e-02  -4.5952764e-03   2.1816458e-01   1.5393189e-03  -1.4931910e-02   2.0330607e-03  -1.7220981e-01   3.9538896e-02  -2.1804116e-03  -4.0220742e-03
  -1.0763059e-01  -2.9744915e-03   1.8017155e-01  -5.5250479e-02  -8.3478299e-03   7.5603256e-03  -4.0742139e-03   6.6485585e-04   6.6544773e-03  -3.0038280e-02  -8.8613346e-04  -7.4117401e-03  -4.2453894e-03   1.0819839e-02  -6.6948684e-03   4.4993937e-03  -8.6875680e-03   2.1040467e-02   9.5671727e-03   5.7762664e-03  -7.0649431e-03  -1.5553787e-02  -9.5695705e-03   1.0421604e-03   2.9494250e-03  -1.3062282e-03   7.8937533e-03  -6.4610668e-03  -1.8030949e-02  -1.7402802e-02   6.2285085e-02   4.7565978e-03  -4.1521417e-02   4.2385415e-02
  -3.7363348e-03   3.7621481e-03  -4.4743949e-02  -1.1133379e-01  -2.7258702e-02   2.7178522e-01  -1.6232014e-02  -4.9075665e-02  -2.0480561e-03  -3.1978545e-02  -2.5441848e-02   1.0406138e-03  -1.7093554e-03   2.4082263e-02  -1.1929799e-02   9.7405995e-03  -3.2170311e-03  -3.4718609e-03   1.1889523e-02  -1.1697756e-03  -1.8188463e-03   6.9085754e-03   5.7421819e-03   5.5279737e-04  -9.4822602e-03   4.9396237e-03  -1.9656253e-02  -4.6694332e-03   1.8191617e-02   9.9382268e-03   1.9369842e-02  -1.2938763e-03  -1.2221057e-02   4.6001454e-03
   1.0807178e-02   6.2744231e-03   4.9765578e-03  -2.7312333e-02  -3.8452478e-02   5.8684613e-03  -1.7538873e-04  -1.8911170e-02  -2.8431913e-02   1.2305679e-02  -2.7115255e-02   7.3084922e-03  -6.7961377e-02   5.5047826e-02  -1.0154064e-02  -2.2825460e-03   7.4452382e-03  -2.5906576e-02   4.8038774e-02  -6.0292019e-04   1.6804085e-02  -6.0198440e-02  -4.8244567e-02   1.1274792e-03   6.5327211e-03  -5.6959535e-03  -3.6181027e-02   2.2501326e-03   1.6208908e-02   3.7143060e-04  -3.4447791e-02   2.3034547e-01   1.0339722e-03  -3.4194860e-03
   1.0658847e-02  -3.2200472e-03  -1.4154293e-03   1.9544943e-04  -1.0829075e-02   1.7763804e-03  -1.5673636e-03   6.1544125e-04  -1.8844848e-03   1.1400279e-02  -2.3407983e-02   1.1487468e-02   4.4224961e-02  -7.0279721e-03  -1.2308188e-02   2.8945443e-02  -6.1544407e-02  -1.4735489e-02  -2.4136081e-03   1.9526919e-01  -2.2044657e-01  -8.6635782e-04   2.1666524e-02   1.3995941e-02   4.0890970e-02   2.8305990e-03  -1.4751043e-02   1.1315587e-03  -1.7310163e-02  -8.5712896e-03   4.5757586e-02  -1.0232500e-02   1.2866524e-04   3.3779653e-03
   1.1850723e-02   5.8635877e-03   1.3270290e-02  -1.3877559e-01   1.9782871e-01   6.7669956e-03  -4.4459909e-03  -4.7051642e-03   6.1211205e-03   3.8930412e-02  -6.0238195e-02  -1.1537336e-03  -7.7722932e-02   3.5565791e-02  -6.7803071e-03   1.4903814e-02  -6.5168852e-03  -6.4533614e-03   3.1651242e-02   1.1533201e-02  -3.7418515e-02   4.7293414e-02  -1.8683399e-02   3.2566178e-03   6.9010532e-03  -7.2880124e-03   2.6573056e-03   7.3425660e-03   2.5535245e-02   9.6956835e-03  -8.1311319e-02  -3.4071314e-02  -4.2385380e-03  -1.1028786e-02
  -2.4171753e-03   3.2880198e-04   1.0252836e-02  -7.4685183e-03  -1.2145979e-02  -2.2573991e-03   5.0752601e-04  -3.1652470e-02  -1.1324128e-02  -3.8600409e-02  -6.4970973e-02   2.2741669e-01  -2.1544025e-02  -7.4900261e-02   1.4562351e-02  -6.6753702e-03   1.0985898e-02   3.5833806e-03  -1.8353654e-02  -1.0765291e-02   6.1871149e-03  -1.4678652e-02   4.6156257e-03  -1.1947933e-04   3.1744374e-03  -7.4103982e-03  -4.1719564e-03   3.9631155e-03  -6.1223173e-03  -1.7734668e-04   2.5734442e-02   2.7354296e-03  -7.1485602e-04   2.6880719e-03
  -7.8377154e-03   3.9987204e-03  -9.6581563e-03   5.8318634e-02  -2.8825004e-02  -4.0580080e-03  -8.5310473e-04   1.8236807e-03   3.7208694e-03   2.1665574e-02   8.8113626e-03  -3.4979297e-03  -1.0707419e-01  -1.5763472e-02  -2.2028001e-03   5.9934102e-03  -1.0927415e-03  -4.3981369e-02   3.1582496e-01  -3.7258237e-03  -1.7944647e-01  -2.9844331e-02  -1.0449735e-02   9.3283587e-03   2.8373428e-02  -4.8667266e-03   5.7300775e-03  -1.1972950e-02  -1.4361734e-02  -6.2874290e-04   4.4341489e-03   1.7133597e-03  -5.5071774e-04   6.6499286e-03
  -4.5208689e-03  -3.5404896e-03   2.7473283e-03   2.4067046e-02  -4.2311206e-02  -4.8590973e-03   2.9074355e-03   6.1714144e-04   3.4469101e-03  -3.0024133e-02   3.1354322e-02   1.4100840e-02  -1.1563230e-01   1.0316355e-02  -1.2073692e-02   1.5364034e-02  -9.6511020e-03   2.0499993e-03  -7.3693822e-02   2.2574536e-02  -5.3678388e-02   2.9133327e-01  -3.5324900e-02   3.0381867e-03  -5.4264389e-04  -9.0756260e-04   1.9930167e-02  -5.1297669e-03   3.6813749e-04   3.2898576e-03  -1.8856280e-02  -3.1120357e-02   2.9574810e-03   1.6040913e-03
  -4.0512924e-04  -4.7697048e-03   4.1020453e-03  -8.9122330e-03   5.5407197e-03   1.5299262e-02  -1.3337370e-03   6.3620130e-03   8.0414204e-03   8.8130544e-03  -3.4008556e-02  -7.5851220e-03   1.0753866e-02  -1.0706523e-01   1.8618768e-01  -9.7400479e-02   2.7515339e-03   1.0557089e-02   1.1769280e-03   9.6802867e-03  -1.5269892e-02   1.5101310e-02   7.2678761e-03   9.5837263e-04  -2.9380803e-03  -2.6433662e-03   1.0253667e-02   3.2273463e-03  -1.2984731e-03   1.3271106e-04  -1.6933816e-02   1.1457974e-03  -4.1238861e-03  -2.2766082e-03
  -3.5866075e-02   1.6946799e-01  -1.4793814e-02  -4.5858462e-02  -3.0838250e-03  -9.2129628e-03   1.7279672e-03   1.0391187e-02   3.2582624e-03  -1.3415862e-02   8.5439674e-03  -1.3212579e-03   2.0569616e-03  -4.8154407e-04  -1.1563798e-03  -1.1113534e-03  -4.7415162e-04   5.8974804e-03  -1.3401311e-02   4.4380779e-03  -7.8765941e-03   7.4172652e-04   1.4630579e-02   1.3178714e-06   3.2251085e-03   4.6661022e-04   1.1503618e-02   1.7946697e-03  -1.9373813e-02  -1.2408447e-02  -6.4623385e-02   6.6313276e-03  -9.6824783e-04   1.8805404e-03
   8.9953100e-03  -4.1239182e-03   2.4754995e-03  -5.3435787e-02  -3.3337347e-02  -1.2360887e-02  -4.0768442e-03   1.6989036e-01  -1.8893760e-02  -5.5252993e-02  -1.5868814e-02  -3.5963329e-04  -1.4132363e-02   1.7212037e-02   9.6434753e-04  -1.2154893e-03   1.2158552e-03   4.9413359e-03  -8.4083557e-03  -3.6304261e-03   1.7216828e-02  -3.6058349e-03  -8.2110374e-03  -3.8204085e-04  -4.3921954e-03   1.6529110e-02  -7.7178252e-03  -7.2391288e-04   4.0559904e-03   3.9803352e-03   1.4036807e-02  -1.7298253e-02   2.5899241e-03   5.2930400e-04
  -5.3619892e-02  -6.0822823e-04  -6.3874601e-03   2.2940077e-02  -1.9820669e-03  -4.3300529e-03   8.0585416e-04   7.7552135e-03   4.5685864e-03  -9.1928874e-03   1.6019682e-02   3.8171942e-03   5.0694419e-03  -1.0946850e-02  -7.1934101e-04   2.1957826e-04  -2.6911027e-03   2.0464284e-03  -6.2333858e-03   9.7126028e-03  -2.2062373e-03  -1.9786066e-03  -8.6467839e-03   1.2762232e-03  -9.8930346e-04  -1.5717176e-03  -6.3942863e-02  -1.8189240e-03   1.8010091e-01  -2.9677471e-03  -6.2893935e-02   6.0782725e-04   4.8180024e-03  -9.2710488e-03
