  -2.3182346e-01  -2.9759920e-01   1.3498154e-01   2.9723346e-01  -9.1050348e-02  -3.1862466e-02   5.1176375e-02  -3.4133571e-02   3.5478005e-02   2.4860798e-01   5.2152465e-01  -4.8770635e-01   4.2889707e-01  -6.3238168e-02  -1.9098661e-02  -1.7705975e-01  -5.2089309e-02   1.8124135e-01  -7.6426170e-02   1.0466441e-01   4.8076436e-01  -2.9473848e-01  -1.0310524e+00  -1.5242956e-03   2.5465897e-01   1.5519720e-01   4.6470840e-01   5.4957131e-03   1.1435521e-01  -4.5463110e-03   2.2959789e-02   6.2397200e-02   8.7691568e-02   1.0257340e-01
   3.3294311e-03   9.7968732e-03   6.6552211e-03  -4.8069995e-02   2.9558183e-02   5.0430660e-03  -1.7311427e-02  -2.5980930e-02   1.0365095e-01  -2.3018579e-02  -1.1027574e-01  -5.0203469e-02  -1.7123127e-01  -9.6514029e-02   1.3368498e-01   4.5404930e-01  -2.1533649e-01  -5.8700021e-03  -1.7002217e-02  -1.1798833e-01   1.3577008e-01   1.0442694e-01  -3.6676736e-02  -5.7782724e-03  -3.9334461e-02  -3.8455619e-02   8.0483998e-02   1.3132737e-02   8.2487214e-03  -2.2873542e-04  -1.5614487e-02  -1.3423238e-02   5.2079221e-03  -2.1484535e-02
   3.6930598e-01  -1.4777859e-02  -1.4997937e-02  -1.5455773e-01  -7.0147687e-03   3.5672455e-03  -2.7546439e-02   8.5108194e-02   3.8110939e-02  -4.9762955e-02   8.8709260e-03   5.9829162e-03  -6.7849939e-02   1.0460829e-02   4.1075889e-02  -4.5892127e-02   8.3909905e-03  -1.7426690e-02   1.7913997e-02   4.9161070e-02  -1.0476832e-01  -2.6177983e-02   2.4114480e-01  -1.8837599e-02  -1.6549818e-01   6.7983844e-02  -5.5363561e-02  -3.8201794e-02  -3.1694627e-02   1.1287968e-01  -8.1616449e-02  -6.6444544e-02  -8.2263386e-02   4.2322365e-02
  -8.1829590e-02   1.0509151e-01   1.1555111e-01   2.5633912e-01  -3.2381061e-02  -4.6448067e-02  -2.1617349e-02  -2.2529663e-01   9.3714075e-02   3.8604028e-03   5.1205091e-03   2.5311067e-02  -1.2151737e-02  -2.3707664e-02  -2.3097062e-02   4.4896871e-02  -5.4116573e-02   1.5345080e-01  -1.4244902e-01  -1.1317352e-03   1.2191236e-02  -3.9859546e-02   1.5481799e-02   9.4592190e-04   1.6054037e-02   1.9964792e-02   7.5266927e-02   1.2288492e-02  -5.4638490e-02  -3.6767273e-02  -2.0810438e-01   6.6158583e-02  -2.2875429e-02  -1.5244455e-02
  -2.9988405e-03   2.2381508e-02   2.8077640e-03   1.0485805e-02  -3.6716808e-03  -2.5226476e-04  -4.7696899e-03  -5.0621560e-02   2.4082054e-01  -5.9600601e-02  -6.3727801e-02   8.0581877e-02  -1.7572022e-01   6.0620496e-03  -1.0125409e-01  -8.8950271e-02   4.3252137e-01  -3.1252922e-02  -2.6189088e-02  -7.9470506e-02  -5.5592043e-02  -1.0191839e-01   1.0912500e-01   8.2360892e-04  -1.6760825e-02   3.3468620e-02   2.5211108e-02   2.4911178e-03   8.6861059e-03   5.8998191e-04  -7.1960111e-02  -1.5266835e-02   3.3827623e-03  -2.2502774e-02
   1.8901169e-02  -8.5430917e-03  -1.2084347e-02   2.1496779e-02  -2.0263139e-02  -5.6034716e-04   1.4009339e-02   4.9100962e-02  -3.1770350e-01  -4.6281952e-03   1.9675856e-02   1.8566888e-01   2.7744516e-01   1.8798308e-01   3.9374202e-02  -1.7438789e-01   2.9701027e-02   3.8021047e-02   8.0110922e-02   2.0713529e-02   1.8978797e-01  -5.7556837e-01  -8.5462132e-02  -4.4557446e-03   3.1890277e-03  -2.3165365e-02  -9.2787835e-02  -2.8262451e-02  -2.7824192e-02  -2.4452379e-03   2.0517421e-01  -1.6095480e-02  -3.1166054e-02   3.5826516e-02
   3.8452595e-02   1.0432458e-02   7.4833300e-03  -4.1425130e-02   6.9867903e-02   3.6253422e-03  -1.8942754e-02  -1.0039800e-01   1.5726891e-01  -1.1305596e-01  -1.0272889e-01   2.8822619e-02   3.2247310e-01   2.6281298e-05   9.1713937e-03  -1.0692817e-01   1.2182449e-01   5.4533517e-02   2.8225827e-02  -3.5520558e-01   2.3285761e-01   1.8608575e-01  -3.3938653e-01   4.0119131e-04   3.3894981e-02   2.3270054e-02  -1.3080617e-02  -1.2970559e-02  -2.6672234e-02  -1.3274660e-03  -1.8013333e-02  -1.2784875e-01   1.7383900e-02   2.2423688e-02
  -4.2719303e-02  -8.2732207e-02   2.1025871e-02  -8.6708856e-02   1.3236722e-02   6.7147012e-03   5.7547376e-03   1.1267606e-01   7.6612543e-02  -4.2318424e-02  -5.5677427e-02  -1.0724801e-01   1.4698185e-02   1.2273543e-02   5.5394681e-02  -4.3189036e-02   2.9272315e-02  -2.7966798e-02   1.0121741e-02  -8.7639212e-02   4.3122886e-01   2.5566030e-01  -1.2374213e+00  -3.0721067e-03   4.1230485e-01  -1.8687327e-03   4.2572059e-01   4.6574172e-02   1.0830414e-01   5.9976710e-02  -2.3813964e-01   6.9599578e-02   8.8028207e-03  -1.8169728e-01
  -3.4548154e-02   7.7872106e-02  -1.6705906e-02   1.0472842e-01  -7.7431133e-02   3.4786809e-03  -2.6602173e-02  -2.2766575e-01   4.3312809e-01  -2.3973583e-01  -2.2562018e-01   5.0396321e-01  -4.8602577e-01   7.4366696e-02   7.0988408e-02  -5.5098655e-02  -1.0990185e-01  -3.5234197e-02  -2.5262323e-02   2.6011085e-01  -3.0196479e-01   2.5536451e-01   2.3525177e-01   2.1275460e-03  -1.7304777e-02  -2.0493980e-02   7.1745358e-02   1.8728836e-02  -1.6099269e-03   3.3013038e-03  -2.0988881e-01   5.7324073e-03   2.9908594e-02  -4.5967419e-03
   5.6660535e-02   5.7774097e-02   8.3700765e-03  -2.8274998e-02   2.3561459e-02   2.8397852e-03  -3.2665752e-02  -1.7714694e-02   7.1623809e-02  -8.0348956e-02  -1.4001947e-01   1.4678381e-03  -6.4278061e-02   6.4919957e-02   3.9820366e-02  -4.1533684e-03   1.1427466e-02   2.2230707e-02   7.7811959e-02  -4.4803226e-02  -5.0178878e-02  -1.3184269e-01   2.1172953e-01  -1.4108714e-02  -1.4332230e-01   1.1710462e-02   4.4271559e-02  -9.9693902e-04   3.8093130e-03   2.1170699e-02  -2.5064394e-01   2.3786131e-02   1.7495326e-01   1.2444030e-01
   2.6378930e-02  -1.3693969e-02   7.7960713e-03  -3.5682747e-02   5.7346702e-02  -2.6994436e-03  -6.0409385e-03   7.7505662e-02  -4.6820932e-01   8.4351620e-02   4.5218298e-02  -1.2859869e-01  -9.9495769e-04  -9.5505844e-02   2.6960066e-02   8.1043310e-02  -1.3820701e-01   2.4241689e-02   1.0572002e-01   8.3045616e-02   1.0008392e-01   4.7915668e-01  -1.5695913e-01  -1.2518292e-02  -1.0345502e-02  -4.0895743e-02  -8.1859700e-02  -1.9777497e-02   8.6229538e-03   2.8823167e-03   7.4720273e-02  -5.0442614e-02  -3.7575870e-04   4.6347429e-03
  -4.0065480e-02   2.0655194e-02   3.1295939e-03  -1.5898344e-02  -2.8667879e-02   6.0552992e-03  -3.4546178e-02  -1.0434109e-01   1.5125051e-01  -1.3409459e-01  -1.3459324e-01   4.0311823e-02   8.9853793e-02   2.6593066e-02   5.6015227e-02  -1.2395844e-02  -2.7132348e-02  -8.1239264e-03  -1.1541049e-03  -2.3465167e-03   2.6488171e-01  -2.7088765e-01  -2.3653912e-01  -4.2220008e-03   5.1647484e-02  -2.7819027e-02  -3.1957646e-02  -2.4998297e-02  -2.6359457e-02  -1.3829214e-02   3.9334570e-01   2.3646783e-02   3.1414972e-02   2.2663822e-03
  -9.5812084e-02  -8.7788424e-03  -5.2158723e-03   4.8375611e-02   1.0334095e-02   4.9455184e-04   1.1851727e-03  -2.4898763e-02   5.0372259e-02  -1.7558562e-03  -1.2124084e-02  -1.3692229e-02  -2.6819545e-02   1.6315204e-02   9.6641252e-04  -4.2063056e-03   7.8153906e-03   1.9700611e-02  -1.4045288e-04  -4.2935300e-03  -5.5980610e-02   2.8325479e-02  -1.9058451e-02  -9.7381596e-03  -4.6874289e-03  -1.6192674e-02   2.0233796e-02  -4.3853448e-03  -2.2548127e-02  -2.2488134e-02   1.5977796e-02   1.0161254e-03  -9.7092019e-02   2.2875692e-01
   4.8635087e-02  -3.4751343e-02  -1.8958263e-02  -1.3393451e-01  -8.0120930e-02   2.5500916e-03   2.8359131e-03   1.0902407e-01   1.0429906e-01  -2.6691318e-03   7.6405804e-03  -2.0514948e-02  -1.1073858e-01  -1.6872500e-02   1.2546559e-02  -2.0631649e-02  -2.6552535e-02   1.7464125e-01  -7.2183404e-02   1.9195324e-03  -1.2447735e-01  -5.7238618e-02   2.1364327e-01   4.2935445e-03  -3.9342409e-02  -5.5100369e-03  -2.4184599e-02  -1.3933724e-02  -1.8617901e-02  -1.3063182e-03   1.5259743e-01  -2.7397996e-02   5.1047649e-03   8.1934637e-03
   1.1142472e-02  -1.6152496e-03   1.1808218e-04   1.6801605e-03  -2.0839714e-03   6.1143870e-05  -3.0342186e-03  -2.3615636e-03  -2.4485976e-03  -1.3850844e-02  -6.4226686e-03   3.3675139e-03   1.2493920e-03   6.9676490e-03   2.8765859e-03  -1.9756296e-03  -2.6526175e-03   9.8115221e-03   1.2449528e-02   8.6427681e-03  -1.3971019e-01   5.3201852e-02  -2.5101669e-02   1.7066193e-01  -3.7373052e-02   3.0227929e-03  -1.6647226e-03  -1.7347121e-02   3.0339886e-03   1.4113634e-03   3.1251510e-03  -3.0839013e-03   1.4699981e-03  -1.7916029e-02
  -5.6913036e-04  -6.0072948e-03  -3.2166264e-03   1.1449488e-02  -1.2027530e-02  -9.7871067e-03   4.1604973e-02   1.4493563e-02  -1.1037923e-01   2.5320920e-01  -2.5409745e-01  -5.8647087e-03   3.1434839e-02   1.0369704e-02   6.2565881e-02  -1.4995093e-02  -1.6240156e-02   1.8631341e-03  -3.4460338e-03   4.2251348e-02  -3.6850972e-02  -6.4505886e-04   4.0675945e-03  -3.6599803e-04  -8.9413544e-03   4.4230332e-03  -6.1688867e-03  -1.6450980e-03  -4.2317676e-03  -2.7247953e-03  -6.3865854e-03   1.5562816e-02  -4.3520042e-03   9.2084378e-03
   9.2893633e-03  -5.0962255e-03  -7.0445669e-03   3.9713434e-02  -5.4271995e-02   2.1743351e-03  -5.1837911e-03  -6.0787795e-02   5.5066879e-01   1.2040971e-02   2.8556164e-02  -3.5346278e-01   9.0305236e-04  -1.8250904e-02   6.1828571e-02  -3.1147637e-02  -1.4230602e-02  -3.6152276e-03   1.0101693e-02   5.6519296e-02   3.8928996e-02  -1.8786083e-01  -3.4167001e-02  -2.6748057e-03   9.6659013e-03   1.6545229e-02  -3.5592759e-02  -1.6015466e-02   7.2006916e-03   1.3408768e-03  -2.1627672e-02  -1.0936358e-02  -1.8937986e-04   1.3465187e-02
   2.9930528e-02  -2.1298400e-02  -1.1255504e-02  -2.7151397e-02   1.6731227e-02   5.8349667e-03   4.1037575e-04   2.9984921e-02  -1.9280872e-03  -1.1055759e-02  -2.0654549e-02   9.1201594e-03   1.6751647e-02   1.3900906e-02  -5.7741436e-04   8.1360279e-03   1.6281989e-03  -6.0763223e-02   2.7844053e-02  -4.9006170e-03   1.1112538e-01  -3.3283170e-03  -1.5280696e-01  -5.8188104e-03  -5.4225618e-02   2.8483859e-01  -7.7707373e-03   7.8791748e-03  -1.5962786e-02   4.5720840e-03  -8.8098775e-02  -1.0141946e-01  -3.0409615e-04   1.0611955e-02
  -7.2724370e-02   3.1059470e-01  -9.3886033e-03  -1.5693727e-01   1.3096220e-02  -4.5398359e-04   2.2257853e-03   6.2365023e-02  -2.6867208e-02   7.8681202e-03   9.1987337e-03  -3.9192202e-02   2.9443701e-02   1.0046845e-02  -2.6401095e-03   1.1042307e-03  -1.2249767e-02   1.4222811e-02  -1.7659310e-02   1.6839615e-02   7.2328478e-03  -3.6161628e-02  -3.8644510e-02   2.2363490e-03   2.2902367e-02   4.2548529e-02   5.7005886e-03  -2.5866384e-03   1.3438614e-03  -1.2536904e-02  -1.3939152e-01   2.9121766e-02  -2.8126732e-03  -5.3574585e-03
  -1.4700732e-02  -2.6449544e-03  -4.2423493e-03  -7.2084487e-03  -5.6573991e-02   1.7301790e-01  -1.9734653e-02  -1.0574377e-01   3.7308184e-02  -2.6683013e-02  -7.7373196e-03   1.6787791e-02  -1.1710544e-02   3.1242543e-03  -1.4866974e-03   4.4372546e-03  -2.7845060e-03   1.2770635e-02  -1.5329731e-02  -6.2455451e-03   8.5671800e-03   2.2193926e-02  -2.6037098e-02  -6.7882516e-05   3.7425630e-02   1.6480753e-02  -3.9384213e-02  -1.2220166e-02   1.0640840e-02  -1.7319611e-03   1.9377050e-02   8.5552356e-03  -1.0030314e-02  -5.0490409e-04
  -1.5464277e-05   3.6360050e-03  -2.0002457e-03   1.8451089e-02  -2.9222748e-02  -2.5254126e-03   1.1840859e-03  -2.1727576e-03   7.0731792e-02  -3.7553616e-03  -8.8767757e-03   1.3828409e-02  -2.5012901e-02   1.0989859e-02  -6.1859589e-03  -5.5464679e-03   2.8643950e-02  -3.0599279e-03  -1.0259973e-02  -1.6001072e-01   3.5610079e-01  -2.6158483e-01   1.2971304e-01   5.9773629e-03  -5.4607198e-02   7.5444155e-03  -7.1591649e-03  -1.0377457e-02   6.5929350e-03   1.5467198e-03  -2.7172440e-02  -1.0183339e-02  -4.8204196e-03  -1.2512134e-02
  -1.1074179e-02  -3.5155420e-03  -7.0158946e-04  -2.2281351e-04  -4.1395670e-02   1.0079252e-02  -1.3760292e-02   4.2763021e-01  -1.5811679e-01  -1.7226084e-01  -9.0501186e-03  -4.7591021e-03   1.2326881e-02   1.3356763e-02   9.6111684e-03   4.1163396e-03  -1.1123994e-02   4.1272703e-03   3.9145739e-03   6.2409196e-03   2.7398133e-02   1.7448516e-02  -3.9546527e-02  -1.9083603e-03  -1.2473728e-02  -3.9477038e-03   1.2531473e-02   4.0935517e-03   6.5471584e-04   3.5239829e-04  -4.0094254e-02  -3.5855991e-02  -4.5574255e-03   8.8941812e-03
  -2.6303762e-03   3.5762354e-03  -1.0789443e-02  -3.7330227e-03  -9.1245404e-03  -4.4420670e-03   1.4858690e-01   3.4030154e-02   3.5618024e-02  -1.6660550e-01  -4.0667145e-02   1.8689732e-02  -1.5582447e-03   1.7013656e-02   1.6072985e-02   9.5192401e-05  -8.3102916e-03   1.3050964e-04  -5.9165264e-03   1.2120829e-02   5.1294539e-04  -9.8130697e-03   1.3868888e-02  -2.6701952e-03  -8.5148533e-03   1.3953815e-03  -8.2341289e-03  -4.1446584e-03  -1.1233790e-03  -1.5916097e-03   8.0264948e-03  -6.5316323e-03  -1.4548107e-02   2.4322046e-03
   2.3663112e-03  -1.7317380e-02   2.5349538e-03  -1.0986710e-02   2.7200817e-02   1.8586751e-03  -5.0196822e-03   5.8347534e-03  -6.2678786e-02  -3.1941004e-03  -6.7530823e-03  -2.6865386e-02   2.0402046e-01  -5.5995096e-03   1.2248650e-02  -6.8314447e-03  -9.5452222e-03  -1.7378332e-02  -5.8865177e-03   6.8677483e-02  -2.0326556e-01  -2.6204952e-01   4.5917958e-01   4.8427955e-03  -7.9837278e-02  -2.6362329e-02   2.4374755e-02   1.8060346e-02   1.2193932e-02   4.7496424e-03  -3.4569946e-02  -4.4870261e-02  -1.7474578e-03  -2.4371194e-02
   4.7196012e-03   1.0814565e-02   2.6197179e-04  -7.3488173e-03  -2.1748375e-02  -1.0517394e-03  -2.6672276e-03  -1.3285510e-02   6.3154653e-02  -4.8924641e-02   1.2252325e-03   1.9317700e-01   7.0703007e-02  -2.1195811e-01   6.2455261e-02  -3.1645964e-02   1.1117855e-02   2.9779128e-03   1.2622304e-02   4.3443931e-03   4.3276281e-02  -1.1691643e-01  -4.0882185e-02  -1.3570041e-03   8.8962825e-03   4.8389995e-03  -3.7849842e-03  -5.9843451e-03  -9.9561586e-03  -1.9354500e-03   1.0888372e-02   1.1719729e-03   1.1471369e-03   1.1155117e-02
   2.3126028e-02  -2.0573741e-02  -5.0462860e-04   7.0925251e-04  -2.0388580e-02   2.0230779e-03  -2.0657286e-03   1.1040612e-02  -1.5414736e-01  -9.2584410e-03  -6.9567033e-03   2.6343442e-02   3.7547318e-02   1.8325082e-02  -7.9597189e-04   3.6347599e-04  -1.0930410e-02   2.2219280e-02   1.7198573e-02  -1.8204083e-02   1.2064789e-01  -2.6003483e-01  -5.7616486e-02  -1.0868841e-03   1.2994582e-02   1.1749868e-02  -1.7762682e-02  -5.8657301e-04   3.9520684e-03   3.0938899e-03  -6.6375607e-02   3.4533029e-01   7.3163148e-04  -2.7159612e-03
  -4.4421904e-02  -2.5251808e-02   1.3703635e-01  -1.3020445e-01   3.5937604e-03  -1.2768752e-02  -1.1763302e-02   3.5613070e-02   1.7234368e-02  -2.2548152e-02  -7.9863463e-03   5.1441951e-03  -1.1316158e-02   4.1759464e-03   8.3981273e-03  -7.8702282e-03   6.6302258e-03  -2.8907043e-02   1.9311672e-02   3.2524847e-03   3.2105451e-03  -8.2570181e-03   3.8490204e-02  -1.0412153e-03  -3.2823661e-02  -1.3055559e-02   2.5741713e-03   1.2998311e-03  -1.4495169e-02  -5.7864256e-03   1.0456615e-01  -5.7730608e-03  -2.1971489e-02   1.7917356e-02
  -1.8544123e-02   1.4847733e-02  -4.4306974e-03   9.0501402e-04  -3.6618990e-03   1.2895972e-03   3.3941699e-03   7.5296480e-03  -3.7169018e-02   1.9332062e-02   2.0599113e-02  -1.8437389e-02  -2.7270735e-02   3.9334012e-03  -5.4875046e-03  -5.4093670e-03   2.2409026e-02  -1.9609912e-02  -1.3382356e-02  -6.6036942e-02   2.1252637e-01   1.9118450e-02   3.6065903e-02  -1.0559584e-02  -3.3138783e-01  -2.2316217e-02   1.0774245e-01   4.2198440e-02   1.4934369e-03   3.9729453e-04  -2.1140782e-03   3.9939006e-02  -5.0893123e-03   2.5242841e-02
  -6.8755832e-02  -6.4435681e-03   4.0043920e-03   2.3486349e-02   1.2003768e-02   3.6249621e-03   2.1734885e-03   4.2586237e-03  -1.3514636e-02  -5.5181986e-03   7.8736733e-04   1.4413576e-02   4.4491983e-03  -9.4940096e-03   3.7972852e-03  -6.6799217e-04  -1.1605635e-03  -1.0551862e-02   1.8747138e-02   1.7466596e-02  -5.4866856e-02  -3.7802656e-02   1.2787764e-01   1.4253500e-04  -5.7998784e-02   7.0584420e-03  -1.1405471e-01  -2.7948319e-02   1.6783112e-01   3.6686183e-02  -5.6811105e-02   5.1369664e-03   3.1825844e-03   5.7242503e-03
  -7.1116512e-02   9.1272083e-03   6.6150039e-03   2.8638660e-02  -2.0617905e-02  -1.6017169e-03  -4.3816352e-04  -1.1885915e-02   1.8904567e-02   3.2139603e-03   1.6119152e-03  -3.7009334e-03  -7.6916311e-03  -4.3367949e-04  -4.0732627e-03   4.2499804e-03  -4.6056837e-03   1.9552458e-02  -6.2549135e-03  -5.4831049e-03  -7.0760836e-03  -1.8656517e-02   3.0427205e-02   2.3138242e-03   3.1702495e-03   1.2656665e-02   6.6361714e-03  -1.2919774e-02  -1.2345480e-01   1.2103270e-01   4.2724627e-02  -6.5847806e-03   5.6883939e-03  -1.4344005e-02
  -6.3301356e-03   1.0346432e-03   1.2120699e-03   6.8424524e-03  -2.1798360e-02  -1.0528739e-03   1.9887860e-03   1.1623892e-03   6.5004478e-02   2.5735268e-03   1.0464064e-02  -4.3786114e-03  -8.3597565e-02  -1.0574536e-02  -4.1317993e-03   3.4157771e-03  -2.2040806e-03  -1.9678956e-02   2.2474854e-01  -2.7765493e-02  -1.2399833e-01  -1.0747259e-01   2.5967992e-02   3.6929496e-03   2.7806605e-02   5.7330166e-03   1.2674290e-02   4.0129611e-03   7.4827084e-04  -2.2082946e-03  -7.4165753e-04   2.1760515e-02  -3.5571871e-03  -7.9951042e-03
  -7.7341489e-03   1.2820518e-02   7.9776947e-05   2.1412732e-02  -1.2474692e-02  -9.5945957e-04  -1.1259014e-03   1.6423570e-02  -8.9506443e-02   9.1161067e-03   3.0693418e-03  -2.8529885e-02  -1.1908296e-02  -1.5511214e-03   1.2008101e-01  -1.5168146e-01   8.2119256e-02  -6.0785374e-03   3.4786028e-03  -3.7715856e-02  -1.0237112e-02   8.3479892e-02   5.1360769e-03   9.8798932e-04   1.0215340e-02   1.4363326e-02  -4.0648916e-03   5.2180633e-04  -4.3646502e-03  -2.1057500e-03  -1.5663602e-02   7.8650962e-03  -2.0549243e-03  -6.6884432e-03
   8.0207632e-03   6.1839760e-03  -3.2513076e-03  -4.2220007e-03   1.8431768e-03  -4.7165918e-04   2.9124295e-03   6.1923523e-03  -2.7388745e-02   7.1761713e-03   2.6948469e-03  -6.1580283e-03   9.9137631e-03   7.1881919e-03  -4.1694554e-03   1.2811376e-03   5.1019585e-03  -1.1974385e-02   4.4119988e-03  -8.5555402e-03   1.2856491e-02   1.4274947e-02  -6.2620365e-02   7.0027910e-03   1.5105462e-01  -1.2054761e-02   3.0811168e-02  -2.1798436e-01   1.6974180e-02   9.9267749e-03  -8.2584179e-03   5.3140114e-03  -2.6291647e-03   5.8225631e-02
   4.4811006e-03  -1.5208041e-03   2.2735727e-03  -3.6954890e-02   2.3588300e-01   9.8644074e-03  -1.5347911e-03  -1.0355708e-01   4.6477065e-02   3.0957298e-03  -1.8128734e-03   2.6156754e-04  -1.2542431e-02  -3.1947516e-03   8.6242084e-03  -1.0123362e-02   2.5082895e-03   1.0164690e-02   5.8756353e-03  -1.4647065e-02   3.8676381e-02  -3.8868052e-02  -3.5442906e-03  -9.6884610e-05   6.0633572e-03  -1.9066361e-02   3.8507160e-03  -5.2732280e-03   6.8418478e-03   1.3920764e-03  -7.7184257e-02  -5.5383558e-02  -8.7214043e-04  -1.2331396e-03
