   4.3614958e-01   1.7150359e-01   6.4596906e-02  -4.8330774e-02  -1.2953938e-01   2.9952552e-02   1.0215541e-02   4.3632500e-02  -5.0704125e-02  -1.0938454e-01   9.7466387e-02  -2.5589610e-01   3.5957038e-01   2.7021270e-01  -2.6211970e-01  -8.3790750e-02   1.0188450e-01  -7.7963154e-02  -5.4208193e-04   3.5028119e-02  -7.4845188e-02  -6.5801449e-02   6.5046097e-02   6.7623102e-02  -1.4791926e-01  -7.2320996e-02   5.5305528e-03   1.6420703e-01  -1.8443876e-02  -5.7608124e-01  -9.4656992e-02  -1.2197666e-01   2.0754666e-01   1.8118609e-01
  -3.5678083e-01   2.0215153e-01  -1.6503059e-02   6.4126369e-02   4.0226552e-02  -5.9857955e-02  -1.9326399e-02  -2.8712210e-02  -6.9158222e-03   2.3810569e-01  -7.9247045e-02  -1.7264135e-01   9.4341631e-03   2.2901676e-03   6.7376821e-02   5.2499321e-02  -6.3816630e-02   3.9546505e-02  -1.1566631e-01   6.4943936e-02   3.8170817e-02   6.3451511e-03  -3.3794602e-03   1.2656320e-02  -5.0466129e-02   1.7819644e-01   1.6178327e-01  -1.3737260e-02   6.9513240e-02  -3.5888228e-01   9.9932484e-02   1.1977685e-02  -9.8021764e-02  -1.4032997e-01
  -1.4057311e-02   8.9287886e-02  -1.4807215e-02   3.3302653e-02  -5.9303921e-02   1.7316733e-02   7.5705868e-04  -5.6488396e-03  -2.3931563e-02   1.0308725e-02   5.0866603e-02  -8.5680319e-02   1.8849558e-01  -3.7436339e-02  -3.0581974e-03   1.3034990e-02  -1.6774693e-02  -8.5176376e-03  -6.8684019e-02   2.3538901e-03   2.3690216e-02  -3.5369476e-02   4.2670140e-02  -6.6421129e-03  -4.6581021e-02  -3.5639283e-02   3.7280357e-02   7.9071511e-02   8.8071057e-03  -2.9511482e-01   3.1462887e-02  -2.0488998e-02  -7.5045183e-03   2.1765692e-01
  -5.2670252e-01  -4.8281040e-02   2.8094167e-02  -3.8358415e-02   1.7136014e-01  -6.6105392e-02  -3.9305078e-03   5.0924786e-02   1.7416196e-03   1.1580985e-01  -2.8305108e-02  -8.6522294e-03   5.2288586e-02   4.6825137e-02   1.1601936e-01   1.9189291e-01  -1.6432294e-01   1.1504596e-02  -8.9056846e-02   1.8522247e-01   2.2278209e-01  -7.1941050e-02  -6.2235276e-03  -1.2116764e-01  -8.0664440e-02   1.5197933e-01  -6.3040897e-02  -2.8223567e-02   1.4392086e-01   2.9707676e-01   1.3054217e-01  -1.2621751e-01   1.3710393e-01   9.4942138e-02
   8.0366929e-01  -2.2097333e-02  -1.0787776e-01   5.1376778e-02  -4.7023972e-02  -8.0357061e-02  -1.2342447e-02  -1.0803117e-01  -3.7637759e-02   2.2038426e-01  -1.9913011e-02  -2.7811326e-02  -4.1744386e-02  -2.1518218e-02   3.3474181e-02  -2.3163511e-02   6.3202560e-02  -2.8902855e-02   6.4996877e-02  -1.8280549e-05  -6.7176549e-02  -1.1700201e-02   2.4728731e-02   2.1325871e-02  -3.5936792e-02   9.7209212e-02   2.8762027e-02   9.2416327e-02   2.2984219e-02  -9.5520140e-01   1.8030541e-01   6.0321039e-02  -2.5949490e-02   5.0269888e-02
   7.0870944e-02   2.5637096e-02   8.8563803e-03  -1.1229588e-01   3.1899644e-02   6.2593140e-02   5.2484128e-03  -2.4080307e-02  -7.9820855e-03  -6.7539546e-02   5.8237521e-02  -4.4998320e-02  -1.0192995e-01  -7.2486499e-03  -3.2946242e-02  -5.4865621e-02   2.0772387e-01   1.7509632e-03   8.4620923e-02   1.3829496e-01  -8.6347083e-03  -2.3122333e-02  -2.2553468e-03  -1.4177131e-02  -3.5847632e-04  -1.0417113e-01  -5.9079518e-02   2.6834538e-02  -4.2590677e-02  -5.3091652e-03   1.1994216e-02   4.8042020e-02  -8.4993402e-03  -1.2478561e-02
  -9.5119314e-02  -1.1820443e-02   2.6818158e-01   3.6002965e-02   1.3867234e-03   2.0992585e-02  -4.0847037e-03   9.1552245e-04   3.7380602e-04  -8.4142068e-02  -2.4727081e-03  -1.8179188e-02   9.0909418e-03  -1.6323209e-02   3.1040955e-02  -9.0147488e-04   3.8723928e-03   6.9017479e-03   1.6026317e-02  -5.2631002e-03   8.6436821e-04   7.1093279e-03  -1.7374506e-02  -7.4166019e-03   2.2325088e-02   8.2776428e-03  -3.0776587e-02   9.5010026e-03   7.1353079e-03  -6.9829623e-02   3.5790714e-03  -1.7382949e-02  -3.8078272e-02   1.2866621e-02
   2.4244895e-02  -2.4428562e-02   3.2005865e-03  -4.8489728e-03  -1.6733320e-02   2.7149325e-02  -1.7890810e-02  -2.4663739e-02  -7.7789686e-03  -6.3129708e-02   2.3030110e-01   2.2334709e-03  -1.6049961e-02  -1.3841330e-03   1.1443680e-01  -1.9573337e-02  -1.7662428e-01   2.6279008e-02   3.6306314e-02  -6.5002664e-02  -2.3817342e-02   9.2686881e-03  -9.2780223e-03   2.9453928e-02  -3.2452765e-03   3.4688124e-03   1.9737798e-02   4.7369732e-03   2.2632237e-02  -8.4189766e-03  -5.3307214e-02  -1.0847736e-02  -7.0442248e-03   1.3296172e-04
  -1.5689854e-01   5.4536321e-01  -3.4157235e-02  -5.4320451e-02  -6.8678847e-02  -5.1447191e-02   4.1019220e-02   2.1919949e-02   1.5536289e-02  -3.1299581e-02   1.0156311e-02  -3.2681955e-02   7.4856510e-03  -3.4991854e-03   7.2611710e-02  -7.4600197e-02  -4.1612037e-03  -1.0657409e-02   6.4631515e-02  -5.7502997e-03  -2.8827766e-02   2.1353389e-02  -1.1756321e-02   4.0772770e-03  -6.3335423e-04  -1.6211208e-02  -9.9093218e-03   1.5804455e-02  -3.4222806e-02  -7.8298066e-02  -9.9850294e-02   8.1326664e-03  -1.9053430e-03   5.9861155e-03
   6.2384658e-02  -1.7923477e-02   2.1843049e-03  -1.1446056e-02   3.2200770e-02   1.3345917e-02   2.1659666e-02  -4.2964170e-03  -1.9522343e-03  -1.3330910e-01   6.8727426e-03  -3.2626566e-02   4.4345056e-01  -4.1657989e-03  -3.4101082e-02   7.8459761e-03  -1.0495386e-01   6.6107636e-03   2.7452843e-02   1.5791912e-02  -3.4528382e-02  -3.8988165e-02   9.7720231e-03  -1.1292209e-02   2.8821591e-02  -1.1224604e-01  -1.4120303e-02   4.8141592e-03  -3.5915646e-02   2.4908671e-02  -8.1854065e-02  -4.0281472e-02  -1.6544485e-03  -1.7905972e-04
   5.9355077e-03   6.5313734e-03  -1.0911201e-03  -1.7448225e-02   1.0707797e-02   4.2850013e-03  -1.7273556e-03  -4.9125030e-03  -6.1086850e-03  -1.2446164e-02  -9.5540794e-03   1.4548535e-02  -2.7391253e-02   2.1475260e-03   2.9548946e-02   2.4516865e-03  -5.1506754e-02   2.3602311e-02   6.2483139e-03  -7.1972305e-02   1.7072271e-02   3.2854719e-04  -3.2554744e-03   2.8090325e-01  -7.7258095e-02  -3.4718689e-02   1.4654022e-02  -1.8555268e-02  -3.1641962e-02   1.0806781e-02   2.1932980e-03   8.8271892e-03   3.2872358e-03  -2.5560593e-02
   1.2960738e-02   4.0781137e-03   2.9682624e-03   2.8547290e-02   4.8691227e-02  -3.5415714e-02   4.6534403e-02   5.3881633e-02   9.2645559e-03  -1.5500091e-01  -1.2161929e-02  -5.7994989e-02  -1.3160139e-01   3.0266352e-01  -1.0664505e-01   1.0795986e-02  -9.6758369e-03   7.5511366e-03   3.7413330e-02  -2.7543865e-02   3.1459746e-02   4.1475988e-03  -3.8621368e-04  -4.8581962e-03  -1.2524915e-02  -2.9721216e-02   2.3640743e-02   1.0434249e-02   2.0220885e-02  -3.6767619e-02  -2.7857845e-02  -1.3476038e-02  -6.4892436e-03  -2.3476461e-03
   3.6550947e-02  -4.5977501e-02  -4.2466448e-03   6.6339273e-03   1.6069001e-02   8.4364888e-03  -3.9940462e-04  -2.8719083e-03   2.5986386e-02   2.3725356e-02  -1.7879895e-01  -1.3289980e-02  -7.9221287e-02   6.7327327e-03   3.1270732e-01  -6.6721398e-03  -1.7771944e-02   5.1165662e-03  -5.2294167e-03  -2.0940970e-02  -4.3870041e-02   2.4886301e-03   3.9599046e-03   6.7019414e-03   7.0946807e-03  -3.7243425e-02   3.8878843e-02  -4.0311105e-03   2.8451263e-03  -8.8688814e-04  -2.6913782e-02  -6.9724640e-03  -1.4711929e-03  -2.3065260e-03
  -1.5163818e-02   3.4456071e-03  -7.5217236e-02   2.9077106e-02   1.0178679e-02   2.7897395e-01  -6.1440502e-02  -1.8805660e-02  -9.1068739e-03  -1.0313981e-01   1.4372117e-02  -7.0386837e-04   1.7982105e-02   1.5058259e-02  -4.0108465e-03  -8.7090344e-03   5.9360586e-03   3.8011553e-03   5.7531566e-03  -6.2657183e-03   2.3876429e-02  -5.8935188e-03  -9.2095725e-03  -5.4968440e-03   6.5099327e-03  -5.3581003e-02   1.0015478e-02   6.2522164e-04  -1.6403557e-03  -6.5092599e-03  -6.8723838e-03  -3.2127216e-02   2.8477752e-04   3.1241947e-03
  -2.1002132e-02   1.7815300e-04   9.3049889e-03  -1.4206746e-02   5.9451887e-03   1.0753093e-02   6.6338861e-03   2.3280997e-02  -1.1899306e-02  -2.6256449e-02   2.0341556e-02  -4.1292506e-02  -5.7366986e-02   1.6488861e-02   2.2603996e-02  -2.4251786e-02   7.7262475e-03   1.0152430e-02   3.5974197e-02  -4.0341891e-02  -3.0881151e-02  -2.7296589e-02   1.9174472e-01  -1.4412941e-02  -4.4367246e-02  -2.9309665e-02  -1.3462512e-02   3.6816765e-03   7.3975781e-04   1.7227979e-02   4.8812186e-03   8.5905701e-03  -1.3212784e-03  -3.8455294e-03
   4.5261783e-03  -6.5225120e-03   3.3934207e-03   3.5191630e-03   7.4087284e-04   1.5765705e-03  -2.2519279e-03  -7.9988423e-03  -3.5291974e-03   2.5737999e-03  -4.9386607e-03   6.3674787e-03   7.7602775e-03   1.2173459e-03  -8.0914064e-04   1.1504309e-02   6.2584002e-03  -7.5310220e-03  -1.2942226e-03  -5.0767828e-04  -9.0147662e-03  -3.2650515e-03  -2.6583319e-03  -1.7812891e-02  -9.5119325e-02  -2.3191382e-02  -8.5811392e-03   2.6250426e-01  -1.6562247e-02  -7.1052059e-02   6.7571196e-03   1.5229328e-02   1.0670362e-03  -3.6462431e-02
   4.8195165e-02  -5.4667307e-02   6.2008525e-03  -4.3347685e-02   1.6826726e-02   2.7096313e-02  -3.2742690e-03  -2.7648008e-02   4.2095942e-03   5.3497156e-02  -1.1236244e-02  -1.5585485e-02  -7.2419148e-02  -5.2101895e-03  -2.7711590e-02   4.5769795e-03   3.2417922e-02   7.1560096e-03   1.9277158e-02  -4.2323884e-02  -4.3563004e-02   1.9728227e-01   8.4589364e-03   5.8457007e-05  -2.5448366e-02  -1.2794696e-02   2.9666010e-02   6.7460849e-03   9.7143676e-03  -1.8814958e-02  -3.7747998e-02  -2.7457078e-02   1.6365356e-03   3.3472130e-03
   7.2863065e-03  -5.3629656e-02  -6.1404474e-03  -1.8511406e-03  -3.4484419e-03  -2.7657562e-02   2.2768942e-01  -6.7204857e-03   2.2117050e-03  -1.0067668e-01  -1.5401314e-02  -9.1538748e-03   1.6878449e-02  -3.0429405e-03  -1.8997294e-03   6.0358906e-03   1.1813158e-03   4.4294009e-03  -1.7230099e-03   4.5100074e-03  -1.4536328e-02  -9.2503727e-03  -2.7478012e-03   3.7359980e-03   8.5549164e-04  -9.4947701e-04   3.8247722e-03   2.6873305e-03  -3.4029296e-03   7.7337180e-04   5.6099355e-03   5.4994442e-03  -1.1835570e-02   1.1596303e-03
  -6.3470074e-02   2.8363488e-02   2.6714872e-03   2.3999532e-02  -2.0623488e-02  -2.7292983e-02  -1.7574599e-02  -3.5316717e-02  -1.4051483e-01   2.0998052e-01  -6.0964059e-02  -1.5070356e-02   6.1732072e-02   1.4314379e-02  -5.7945378e-03  -6.6277491e-03   3.2290721e-02   5.9734717e-03  -2.5219068e-02  -2.0026325e-02  -1.2140980e-02   1.3218770e-02  -8.3583788e-04  -3.3688259e-03   3.5962885e-02  -3.6269938e-02  -2.1829544e-02  -1.6822733e-02   9.8373004e-03   5.5334609e-02   1.5750973e-02   2.3580434e-02   7.8927714e-04  -1.5519499e-03
   1.8032355e-02   2.5821905e-02  -6.7793836e-03  -1.4870063e-02   1.3236145e-03  -9.2529669e-03  -5.2246969e-03   1.8836825e-02   3.7994907e-03   5.3722851e-02  -1.9302191e-02  -2.2396122e-02  -3.8714962e-02  -8.2758103e-03   9.2392090e-03  -2.1147263e-02  -6.4194700e-02   1.6143236e-01  -4.0764800e-02  -1.2511828e-02   9.9269503e-03  -1.0858538e-02  -8.7082681e-03  -1.7993554e-02  -7.0443648e-03   8.4523195e-03   1.4596453e-02   1.1087577e-02  -2.0835389e-04  -3.2725004e-02  -4.2010519e-03  -7.7685466e-03   2.7288424e-03   6.2783980e-03
   1.7830952e-02  -6.4882763e-03  -6.4580552e-03   8.9952981e-03  -9.8447353e-04  -5.2667986e-03   8.3845011e-03   1.2130803e-02   1.2465233e-02  -2.4029385e-02   1.6034818e-02  -1.5842563e-02  -1.6067941e-02   7.2257452e-03   6.2861987e-03  -1.7004408e-02   2.2042072e-02   1.1085458e-02  -1.4317364e-02  -2.3477108e-02  -1.4356983e-02  -7.5599974e-04  -3.7839421e-03  -3.4987005e-02   2.8145317e-01  -3.1668598e-02  -3.2029751e-02  -6.3714215e-02   3.2637845e-03  -2.7796065e-02  -8.0867038e-03  -3.9349421e-02   3.6310437e-03  -4.0631160e-03
  -2.7565538e-03  -4.1583055e-02  -2.0869532e-04   2.8147330e-03   4.4051599e-02  -3.3951990e-03  -1.5342364e-02  -2.7624715e-02  -1.6542073e-02   8.3831029e-02  -2.4105753e-02  -1.6320142e-03  -1.1066693e-01  -1.2843790e-02   2.6873713e-02  -1.6025006e-02  -5.3855085e-02   4.3927691e-04   2.5534544e-01  -5.5489399e-02  -9.8316559e-03  -2.7199111e-02  -3.1675853e-02  -1.7738194e-02   2.0096491e-03   4.4046308e-02  -4.9922761e-03  -9.3255663e-04  -3.2209010e-02   3.1782418e-02  -1.0991484e-03  -1.8693274e-03   2.8301766e-03   4.2560258e-03
   3.4571160e-03   2.5120161e-02  -5.7602524e-03  -3.2928668e-03   2.6295946e-02  -5.4126773e-02  -7.3045126e-02   4.7866171e-02   2.7032819e-02   3.3171268e-01  -1.1396653e-01   7.2702260e-02  -1.1398399e-01  -6.6553369e-03  -5.3138233e-02  -8.1719163e-03   3.7471234e-02  -1.4034279e-02  -6.5485283e-03   2.0883920e-02   3.4292701e-03  -1.6836785e-02   1.2705699e-02   3.9893706e-03   1.5413385e-02  -8.9443078e-02  -2.5717676e-02   8.6768735e-03  -1.2855489e-02   8.2925564e-03  -2.6458830e-02  -1.9930682e-02   5.0800290e-04   2.9402657e-03
  -4.0196511e-02   3.1604635e-02  -1.4161874e-02   8.9878562e-02   6.7368202e-02  -4.5791705e-02   2.9489697e-02  -9.0607993e-02   1.9154695e-02  -7.5077945e-02   1.6153200e-02   1.0513006e-01  -2.6617020e-02  -3.7319126e-02   1.8835518e-03   1.9913147e-02  -1.3781205e-02   6.9990124e-03   3.8661036e-02  -4.0313641e-02   3.4470760e-02   3.0266713e-02   1.2870814e-02  -5.1223207e-03   1.4951718e-02  -2.2626146e-01  -8.3574096e-03   4.1371176e-03  -8.0804597e-03   1.0487942e-02   8.7081978e-02   5.6549920e-03   1.8716947e-03   1.9654167e-03
   2.5718436e-02   5.1406111e-02  -1.2468410e-03  -6.6305578e-02   2.4670511e-02   6.5097005e-03   3.8219630e-03   5.0041350e-02  -1.8420224e-02  -4.3825707e-02  -3.9448435e-03   3.7299800e-02  -5.8987942e-02  -1.7169287e-02  -5.5307053e-02   1.9439080e-01  -1.2120829e-01  -2.5978190e-04   2.8603284e-02   6.3487908e-03   2.3202710e-02  -1.1786895e-02   1.2144092e-02  -1.5730143e-02   1.7315480e-02  -4.4306880e-02  -1.9648055e-02   4.0238599e-04   4.3301353e-02  -5.1825991e-02  -2.8723372e-02   3.1952428e-02  -2.7887151e-03  -2.2926979e-04
  -1.0187244e-03  -1.0087066e-02  -2.3328464e-04  -4.0515727e-03  -3.5978224e-02   6.9637546e-03  -7.0526517e-03   2.7960584e-03   7.4680506e-03   3.7849636e-02  -2.2001923e-03  -2.7540409e-02   4.7134539e-02  -2.0204839e-02   8.5709228e-03  -5.0826671e-02   4.4397197e-03   3.8871959e-04   4.0485004e-02   1.6188470e-02  -2.0036591e-02  -6.1345900e-03  -8.6596587e-03   1.6122507e-02  -1.6904346e-02  -8.7697895e-02   2.4926451e-02  -4.9686632e-03   1.6914633e-01  -7.0795141e-02  -1.0667505e-02  -2.7508637e-04  -2.3242534e-04  -4.0884029e-03
   2.4823767e-02  -2.4528660e-02   8.1427857e-03  -1.9563003e-02   3.8429859e-02  -5.5081218e-03   4.9031210e-03   2.3416997e-02  -6.2823777e-03  -3.4365537e-02   1.2531904e-02   1.8513549e-02  -1.4666477e-02  -1.6655363e-02   1.8407171e-03  -4.8037507e-03   1.4667886e-02  -7.9374713e-03   4.5118012e-04   7.3237948e-03   8.7249089e-03  -1.5156852e-02  -8.9381099e-03  -1.7305883e-02  -2.8413300e-02  -1.1031536e-01   2.8106115e-01  -2.7742510e-02  -2.6853818e-02  -4.6463276e-02  -4.3407189e-02   1.9004305e-02   8.7709582e-05   3.3812862e-03
   4.8557988e-04  -3.6597863e-02  -2.1445950e-03   7.4060012e-03  -1.5203918e-02   1.5389581e-02  -8.1090365e-04  -8.3302420e-05   6.2403603e-03  -5.9576884e-02   1.9969951e-02  -6.2413177e-04  -5.5916446e-02   1.6486288e-02  -4.4177896e-03  -2.8066753e-02   4.4388568e-02   1.2843523e-02  -9.7603294e-03  -2.3871322e-02  -1.3501154e-02  -9.2928499e-03  -8.3320142e-03   4.3570969e-03   2.8986215e-02  -7.7247075e-02  -4.8351200e-02   2.5872954e-04   2.8129265e-03   3.6390880e-02  -3.4737461e-02   2.3428328e-01   3.5430764e-03   1.6828798e-03
  -2.4318429e-03  -1.4496495e-02  -1.6643733e-02   1.3032561e-01   2.0402602e-02  -4.8436502e-02   2.0698480e-03  -1.6177400e-02   1.6183797e-03   3.6620111e-02   1.0955290e-02  -3.5427622e-02  -1.7515627e-02  -2.7093129e-02  -3.1629892e-02   3.9960415e-02   4.1102364e-02   9.1468795e-03   7.3194191e-03  -1.5606394e-02  -1.0703924e-02  -9.3582349e-03   7.1013691e-03   8.2949829e-03  -2.4863527e-02   7.9215494e-02   9.6119616e-03   1.7867008e-03   1.8340358e-02   9.3084501e-04  -1.2385107e-01  -2.0061718e-02   4.1407297e-05  -2.1888845e-03
   4.0994890e-02  -5.1815405e-03   1.5001578e-03  -5.1001204e-03  -4.3344677e-02  -1.5406234e-03   9.6952372e-03  -3.8273324e-03  -3.7452660e-03   5.4433671e-03  -1.1102337e-02   2.1672739e-03  -2.2990955e-02  -8.3608123e-03   4.0994548e-02  -3.2070149e-02   2.9013902e-03  -1.4454744e-02  -1.0541029e-02  -6.4896665e-02   1.8271523e-01   7.5000070e-03   6.4359812e-04  -3.6999969e-02  -2.7424718e-02   1.5725521e-02  -1.6721666e-02   1.1555489e-02   1.3743372e-02  -2.9052863e-02  -2.6597735e-02   1.9197605e-02  -3.2763762e-03   1.0016625e-03
   2.5603076e-02   2.0607683e-03  -5.7504587e-03  -4.1558505e-02   2.3292728e-01  -2.8696153e-02   1.6518798e-02   1.7896735e-02  -2.0920447e-02  -9.9786201e-02   2.5433029e-02   1.6962885e-02  -6.4586040e-03  -7.7826376e-03   3.9730402e-02  -4.7212295e-02   1.0550397e-02  -7.4692519e-03  -2.9242066e-02   2.3064086e-02   1.5184936e-02   4.7463587e-03  -7.0639701e-03   1.3790640e-04   4.1253187e-03  -1.4553194e-02  -6.4774526e-02   1.6665515e-02   1.9131473e-02  -2.9686454e-02  -3.2330317e-02  -2.9870077e-02  -9.5646300e-04   9.2141379e-04
   1.0552063e-02  -9.9496462e-03  -6.4043305e-03   3.7811880e-02  -1.7632366e-02  -8.0725269e-03   6.0436731e-03   6.3591405e-03  -6.5423441e-03  -3.1611621e-02  -6.3427573e-03   1.4589967e-02  -2.1208344e-02   9.2212517e-03   5.5613978e-02  -3.2355082e-03  -1.6718393e-01  -1.9749907e-03  -1.0051060e-02   1.5720636e-01  -1.2797112e-02   1.4212595e-02   6.1674087e-03  -1.8495353e-02  -4.7530616e-03  -2.8567045e-03  -4.0335285e-03   2.5598537e-03  -1.3064564e-02   2.7877100e-03  -5.5881040e-03   2.1453415e-02   1.7910850e-03  -3.6983950e-04
  -9.7335561e-03  -8.9715276e-03  -5.2936181e-03   2.7411574e-02  -3.7796488e-02  -2.6256841e-02   1.7084780e-02   1.7146120e-01  -1.3165911e-02  -1.5727556e-01   3.2029869e-02   2.9403475e-02  -1.9152259e-03  -2.2257561e-02   1.3958858e-02  -9.6295046e-03   1.4665636e-02   4.3132734e-03   1.8772582e-02  -1.4755083e-02   4.0005570e-04   1.3397211e-02  -8.8987754e-03   3.3907320e-03  -1.3130144e-03  -3.8788946e-02  -1.8264167e-02   5.9965152e-03  -6.0872835e-03   1.8260162e-02   2.2554402e-02  -1.1309247e-02   1.0524784e-03  -1.0808475e-03
   1.0960651e-02  -9.6400934e-03   6.8040996e-03  -8.8631878e-03  -9.8019558e-03   1.4515603e-02   2.3541556e-02  -2.0043069e-02  -8.3673438e-03  -1.6566448e-01  -1.3813484e-02   2.5427088e-01  -5.6011878e-02  -1.3528249e-02  -2.1152498e-02  -1.3882060e-02   1.2649032e-02   7.1412208e-04   6.9610838e-04   5.8194022e-03  -1.3453545e-02  -2.9474848e-03   4.3342404e-03   5.2479922e-03  -8.8674470e-03   4.7314481e-02   6.2285915e-03   3.3541948e-04   1.1039216e-02  -1.2387784e-02  -1.6220054e-02  -1.2266568e-02   1.3645816e-03   4.8736391e-04
