   1.5396327e-02  -5.0822564e-01   1.9234129e-02  -8.9156530e-02  -6.2071748e-03   8.8717627e-02  -1.3154070e-02   1.2739323e-01   8.4658681e-02   4.1261895e-01   3.3192071e-02  -1.4221771e-01   6.9538110e-02   1.8701212e-01  -2.2356293e-01   1.5811975e-01   2.8376200e-01  -1.0185965e-01  -3.7215571e-01   4.7755025e-01  -1.8577116e-01  -1.7058218e-01  -1.0131301e-01   5.3601076e-02   1.5171213e-01   1.5757907e-02  -1.1141084e-01   1.4421159e-02   5.5714863e-02   3.8592729e-02   2.4290123e-01   1.7338430e-01   1.2426747e-01   1.2911427e-01
   1.2597774e-01   2.4786480e-01   4.2450084e-02   7.2318395e-02  -8.2945508e-02  -1.4631076e-02  -2.7830904e-04   7.4030619e-03   1.4390596e-02  -1.4628606e-01   3.6320171e-03   1.0316347e-01  -1.3171217e-01  -2.4661732e-02   1.9320374e-02   2.4802139e-02   2.2623129e-02  -1.0656305e-01   5.3573165e-02  -9.2748894e-03  -3.8866220e-02   2.6785110e-02   6.3101353e-02  -2.9389861e-02  -1.1611680e-01  -1.7943255e-02   4.0253068e-02   7.7310986e-02   1.3415449e-01   1.7119424e-01  -4.3199620e-01  -4.9179412e-02  -8.0514234e-02   1.0048659e-01
   5.7326437e-03   2.8879332e-02   1.1669642e-03   9.6740530e-02   2.9558238e-02  -3.4179529e-02  -8.9817421e-03  -1.1543502e-01   4.1991430e-02  -1.9076288e-02  -3.3621772e-02   7.6732639e-02  -7.5523286e-02   9.3978089e-03   3.1166089e-02  -6.7258468e-02   5.8833435e-02  -1.3723163e-01   3.3066417e-02  -4.3398205e-02   4.2632512e-02   4.2431076e-02   5.7549108e-02  -2.0222680e-02  -1.2555192e-01  -6.9979620e-02   1.5535147e-01   4.4018238e-02  -3.9087181e-02  -7.5970996e-03  -1.7663853e-01  -3.2620516e-02   1.8693089e-01   1.3252295e-01
  -1.2507533e-02   8.9221078e-03  -2.9331669e-02  -4.6187924e-03  -2.5780895e-04  -1.2695782e-02   1.7594696e-01  -2.2296024e-02  -4.6086646e-03  -6.6996227e-02  -3.5173238e-02   1.6179429e-03   2.3484715e-03  -6.7823778e-03   2.0197633e-02  -4.7168079e-03  -6.5021752e-03   3.4373894e-03   5.5698549e-03   6.6856109e-03  -8.3778040e-03   1.4383304e-03   8.6609406e-03  -1.7027151e-03  -5.5703960e-03  -7.8642644e-04   4.9333998e-03   2.2062471e-03   6.5831056e-03   6.2192108e-03  -4.7299188e-03  -7.6630190e-04  -1.3717086e-02  -1.7456753e-03
  -4.1492231e-02  -9.6630060e-02  -2.5961711e-02  -3.5186128e-02   3.5600151e-02  -2.8342840e-02  -5.3268286e-03   1.0256568e-02  -2.3631481e-02   3.6609864e-02   1.1436357e-02   2.3293901e-03   3.7916149e-02   2.0028239e-02  -1.4233753e-02   7.1723105e-03   7.2565094e-03   1.1063463e-02  -6.2345400e-03  -1.9961117e-02  -1.8054245e-02  -2.0419230e-02  -3.0952220e-02  -3.4698993e-03  -5.0428029e-03   2.8514295e-02  -7.1727657e-03   3.8671774e-02  -3.5019860e-02  -5.5711406e-02   1.1789565e-01  -4.8327033e-03  -9.2289068e-02   2.0178887e-01
  -1.0923688e-02   1.3277202e-01  -2.4510052e-02  -1.8584495e-01   1.1941074e-02   1.7662754e-02   6.5599997e-03   5.2488907e-02  -1.2567637e-03  -1.2686075e-01   1.0891748e-02  -3.8299098e-02  -2.0876940e-02   1.3113496e-01  -1.4043967e-01   2.0418902e-01  -3.9168512e-01   3.9471413e-01   2.3412355e-01  -1.6534032e-01  -2.1911158e-01  -8.3114150e-02   4.3503940e-02   1.3206363e-02   8.0342843e-02   1.3728055e-02   9.9515510e-03  -2.5801880e-02  -9.8970867e-03   3.3404291e-03  -2.8528635e-02   5.6812017e-02   2.7695178e-02   1.3043316e-02
  -2.1642323e-02   1.6694567e-01  -1.5479828e-02  -2.1729144e-01   7.4380271e-02   1.0448459e-02   9.3360704e-03   8.2909345e-02   3.9157098e-02  -2.2611871e-01   3.5989699e-02   5.4197221e-02  -1.0043134e-01   6.8693335e-02  -3.7768390e-02  -2.1265490e-02   1.0006405e-01  -8.8686889e-02  -6.1186724e-02  -2.3563170e-01   6.6895653e-01  -1.1541219e-02   4.1665391e-03  -6.6476981e-02  -1.3127635e-01  -3.7436220e-02  -3.6848068e-02   1.3513644e-02  -3.5084926e-02   4.0579558e-03   7.9444087e-02  -3.9496940e-02   1.2694164e-02  -1.0288116e-02
  -2.5951685e-03   6.3700144e-03   4.7868257e-04   2.6810988e-04  -4.9137339e-03  -8.4690350e-03   6.1240719e-04   3.0739410e-03   3.7066118e-03  -9.3228339e-03  -7.6529541e-04  -1.6495604e-03   7.6851879e-03   9.3204032e-03   3.9961026e-03  -8.3951006e-03   3.0539112e-03   6.9078472e-03  -1.9426770e-03  -9.7661784e-03  -1.4974039e-02   9.8043005e-03  -1.1037403e-02  -1.3458550e-03  -6.5699008e-02  -2.0500280e-03   2.5954351e-02   2.1071761e-01  -8.3234141e-02  -4.6314478e-03  -1.1871720e-02   9.4064113e-03   2.0099951e-03  -5.3379716e-02
   5.1464938e-03  -1.0603312e-01   1.3215672e-02   6.4474411e-02   1.3740811e-02   1.8848120e-02   4.6697834e-04   1.9313888e-02   1.3281600e-03   6.0914302e-02  -3.2842465e-02   2.6416007e-02   2.0640406e-02   3.9823824e-02   5.7608284e-02  -1.6339925e-02  -3.0081216e-01   3.1083114e-02  -1.1332947e-01   1.4280182e-01   1.7342562e-01   8.6992027e-03  -1.0032735e-02  -9.3516970e-03  -1.5870364e-02  -1.6896748e-02  -5.2555485e-02   1.0861210e-02   1.8898351e-02  -1.5317126e-02   2.1476040e-02  -2.3737793e-02  -5.5565807e-03   4.6647935e-03
   1.3689712e-02  -8.3038313e-02   1.5218153e-02   9.5164908e-02   1.7839226e-02  -8.2123881e-03  -6.5148268e-03  -7.8523924e-03  -5.7666576e-02   2.4525292e-01  -6.4266022e-02  -7.5093959e-03  -1.1567307e-01  -1.3371017e-01   9.3737311e-02  -2.2009594e-02   3.7928712e-02   1.2394001e-01   7.5376077e-02  -3.0043315e-01   1.2409764e-01   2.6607843e-02   2.5402692e-02  -9.9700370e-03  -3.7499880e-02   4.2312927e-02   3.2471809e-02  -5.2796293e-04  -1.7261742e-02  -1.2449652e-02  -7.4477612e-02  -1.4883047e-02  -2.0969006e-02   1.0756836e-02
  -1.1033648e-02  -2.0806638e-02  -3.1691321e-03  -1.0405269e-01  -1.1665988e-01   2.4143982e-02  -5.3990822e-03  -8.9921362e-02  -7.1661647e-03   6.3317668e-02  -3.4704422e-03  -2.2279445e-02   5.9184899e-02  -2.7297628e-02   6.3646751e-02  -7.1299353e-02   2.5177758e-02   1.3311070e-02  -9.7434179e-03  -3.5474251e-03  -6.6252097e-02  -3.9972541e-03  -5.9294188e-03   6.1657076e-03   4.8179208e-02  -3.3119706e-02  -1.4354201e-01   1.5501228e-02  -1.5721245e-01  -2.0435135e-05   6.2815793e-01  -5.2049693e-02   7.1936559e-03   3.8851454e-04
   1.7090072e-03   3.7318511e-02  -3.5258899e-03  -4.6647315e-02   2.4221274e-02   2.2952887e-03  -1.9796295e-03  -4.1236357e-02   3.0391359e-02   1.7809805e-02  -5.8368804e-03   1.0597070e-02  -4.4414760e-02  -1.8799108e-02   2.7233500e-02  -2.1066978e-02   1.0275464e-02  -4.3586087e-02   1.6502222e-02   5.0669199e-02  -2.5575180e-02   2.1497007e-03  -1.5803297e-02  -3.2931242e-03  -1.5216250e-01   1.0002535e-02   5.5295834e-01  -6.6605501e-02  -2.3628891e-01   1.5755612e-02  -7.4562121e-02  -1.3256296e-02  -1.0412757e-03   7.7147633e-03
   1.0504310e-03   1.3006013e-02  -3.3404604e-03  -2.0102895e-02   9.5252327e-03   2.2705730e-03   2.3240452e-03  -1.3052285e-02   4.9842244e-02  -1.2199001e-01   1.9487428e-02   2.0655352e-02  -2.6056783e-02   2.9055132e-03   1.4794593e-01   1.5343496e-01  -1.6133597e-01  -7.8303789e-02  -9.6136449e-02   1.7490842e-02   6.5655774e-02   1.1054595e-02   3.8749237e-03  -4.4057725e-03  -1.4021356e-02  -2.3499681e-02   2.3255370e-02  -2.1834879e-03  -2.9151552e-03   1.9456839e-03   2.8989860e-02  -2.3280450e-03   1.6285989e-05  -6.2860600e-03
   5.4565880e-04   6.6259999e-03  -2.9114924e-03   2.9146540e-03   1.1182027e-03  -4.5225883e-03  -5.4458362e-04  -2.5956226e-04   1.2889864e-02  -3.4271060e-02   4.3859403e-03   2.3553995e-02  -7.2649981e-03   6.5517006e-03  -4.1889601e-03  -4.1563076e-03   1.2600060e-02   1.3807169e-02  -1.4818843e-02  -3.5564214e-02  -6.2648013e-02   4.0164035e-03  -1.5807168e-02   1.7998963e-01  -4.2269043e-02  -2.1389357e-03   1.4655390e-02  -4.0156251e-03   1.1751438e-03  -1.0828973e-04  -2.0280169e-03  -8.6134266e-03  -3.8848350e-04  -1.9858558e-02
   1.4444551e-02  -2.5511786e-02   2.1565698e-02   2.6331733e-01   2.1091647e-02   1.7512740e-02   1.4107015e-02  -1.1265058e-02   1.0382682e-02  -1.8135866e-01   4.3749985e-02  -2.9052241e-02   6.5879170e-02  -1.0595458e-02   2.3001469e-02  -2.2330862e-02   1.4297987e-02  -3.8339264e-02   8.0572088e-02  -1.2976600e-02  -9.3053501e-03  -9.9518094e-03  -2.6889892e-02   1.3727509e-03   2.2255258e-02   2.7612626e-02  -1.1473786e-02   2.5721486e-02  -2.8098018e-01   1.2938168e-02   1.2174650e-02  -1.8203410e-02  -2.0695371e-02   3.2139185e-02
  -2.1475051e-02  -1.0964432e-01  -7.8805360e-03  -3.4045577e-03   3.9847657e-02  -1.4140900e-02  -4.0914886e-03  -1.4717641e-02   2.0018056e-02   2.4012982e-02  -7.0501204e-03   1.0261059e-02  -2.0205311e-02   1.6298267e-02   2.5082770e-03  -1.6124810e-02  -2.2612630e-03   2.9948441e-03  -2.0398581e-02  -6.6129079e-03   2.3984945e-02   2.5821195e-02  -2.8155043e-02  -9.3071618e-04  -8.9452929e-03   3.1734164e-02  -2.4212116e-02   2.1290531e-02  -1.6773754e-01   2.2715907e-01   9.9120223e-03   2.4129653e-02   1.0794969e-02  -2.0177086e-02
  -2.2955351e-03   2.7181054e-02  -4.8839663e-03  -2.8534051e-02   2.7523330e-02  -5.3485948e-03  -1.3686907e-03  -1.1007445e-02  -4.8004480e-02  -2.1451784e-02   2.0028634e-02  -1.3383919e-01  -9.5886917e-03   2.1694958e-02   2.5571594e-01  -2.7941506e-01   5.5115867e-02  -2.2686181e-02   2.3442220e-01  -4.5169681e-03  -9.7673459e-02  -3.7375918e-02   1.9448147e-02   6.2947916e-03   1.3916691e-02   9.6722613e-03  -4.6151243e-02  -3.9621723e-03   7.6243319e-02  -7.7429702e-03  -6.7491163e-02   7.1360391e-02   1.1807312e-02  -2.1301966e-03
  -1.9988637e-01   1.2872970e-01   2.3690446e-02   5.0802678e-02  -2.6771294e-02   1.9914898e-02   5.1342993e-03  -3.8739952e-03   4.0880677e-04  -1.6400292e-02  -2.5056618e-03   3.2753848e-03  -6.7459202e-03  -1.3134773e-02   3.1295138e-03   5.6028192e-03  -5.8060656e-03   2.3343465e-02  -2.1674723e-03   5.5102946e-04  -2.0104229e-02   6.1965310e-03   5.1814101e-03  -7.4981424e-04  -7.0099652e-03  -2.5077796e-02  -4.0860179e-03  -1.1042908e-02   1.2988962e-01   1.7921411e-02  -4.1532108e-02  -2.0084055e-02  -7.8137070e-03  -1.5346930e-03
   4.3802282e-04  -2.7382244e-02   6.2433352e-04  -4.8256915e-02   9.7949257e-02   2.2258178e-02   1.9098076e-03  -1.6573637e-02  -6.2709594e-02   1.9300172e-02   6.3530636e-03  -1.3334936e-01   3.4215239e-01   2.3011016e-02  -2.2060130e-02   1.5499630e-02   5.2587907e-02  -2.0963274e-01  -2.8009101e-02  -5.9805003e-03  -1.3019459e-02  -2.5825691e-02   1.1170421e-02   2.4741698e-03   5.0033752e-03   4.4025839e-02  -1.8902739e-02  -6.9585862e-03   7.7221918e-02  -1.0926809e-02  -5.7002225e-02  -4.1982816e-02   1.8395339e-03  -5.4683402e-03
  -8.8229286e-03  -2.1345537e-02   1.8426558e-02  -1.7749628e-01  -5.5869923e-02   2.8548803e-01   2.0931109e-02  -1.2947214e-01   1.7972221e-02  -3.5033674e-02  -2.7024496e-03   7.4036529e-03   7.3046697e-03  -1.9073705e-02   1.5109938e-02  -1.3716043e-02   1.0399379e-02  -1.0878377e-02   2.4615362e-02  -1.4594641e-02   4.6951376e-03   1.0328305e-03   1.2317234e-02  -2.2486868e-03  -2.4623628e-02  -4.8915802e-03   4.6349860e-02  -3.4998147e-03  -1.2055932e-02   6.9496727e-03   4.0987238e-02   3.5186360e-02  -2.0505293e-02   5.2318070e-03
  -1.9632714e-02  -4.8109613e-02   1.5595117e-01  -6.6019281e-02   6.2833427e-03  -8.2564041e-02  -1.2005179e-02  -1.0465884e-02   1.3648096e-02  -7.5468242e-03   4.1766994e-03   6.7989880e-03   9.8936409e-03   1.1861381e-02  -9.7686990e-03   6.3600048e-03  -1.2651937e-02   4.7889334e-03  -2.1622952e-03  -1.4123078e-03   4.6765652e-03  -5.1039496e-03  -2.3370444e-03   1.4402814e-03   3.5291489e-03   7.8381751e-03   9.5124975e-03  -3.7360613e-03  -9.9322127e-03  -1.1144084e-02   4.6923518e-02   1.5805358e-02  -1.0925944e-02   8.4980303e-03
   3.7348213e-04  -1.9137693e-03  -1.8322158e-03   2.3219312e-02  -6.7027974e-03  -4.4995750e-03  -1.4791156e-03  -3.5443446e-02  -4.2533108e-02  -6.9108862e-02  -2.1202751e-02   2.7028425e-01   1.3890548e-01  -1.6301694e-02   1.9062426e-02  -1.3593730e-01   8.5588060e-02   2.4937581e-03  -1.0658491e-01  -2.3739742e-02  -1.2288751e-02  -2.7578834e-03  -2.9622369e-02   3.3411767e-03   7.0424380e-03  -5.4010192e-02   5.8604063e-02  -4.7891452e-03   8.2282544e-03  -6.1455242e-03  -3.7903006e-03  -5.1472215e-02   3.1100080e-03   4.8179192e-03
   5.8396362e-03  -1.6665388e-02   2.6156759e-03   2.2114654e-02   4.2377612e-03  -2.9921985e-03   5.9447940e-04   1.1552538e-03  -3.9210729e-03  -2.6943009e-02   2.1150452e-03   5.1079960e-02  -1.8408516e-02  -1.1648475e-02   1.0213639e-02  -2.2139654e-02   3.7235750e-02  -1.9610068e-02  -3.7409515e-02  -8.0613455e-03  -3.0124926e-02  -1.2585559e-03  -1.4989724e-02   6.6280571e-03   2.8893215e-01  -2.5151587e-02   2.0272151e-02  -8.2513534e-02  -4.8177835e-02   1.9842381e-02  -3.5096586e-02  -2.9373312e-02   7.2237034e-04  -2.2646053e-02
  -1.4270547e-03   3.6008062e-02  -1.6061225e-03  -6.3881918e-03   2.2462310e-03  -4.2186105e-04  -3.8242844e-04  -1.6307067e-03  -3.5417399e-02  -1.7821027e-03   4.9512021e-03  -2.7516041e-03  -6.4715808e-02   9.8962741e-03   4.9475826e-03  -3.0072627e-03   1.7496594e-02  -8.5486512e-02   3.6716724e-03   5.7966139e-03  -6.4922742e-02   3.8352944e-01  -7.6203365e-02   2.9741037e-03   8.1606962e-03  -2.3532942e-02  -1.8653609e-02   4.2725299e-03   1.4092706e-02  -1.2462602e-02  -1.8409680e-02  -8.4187778e-02   1.5564272e-03   4.8195939e-03
  -2.2367341e-03   1.9733659e-02  -5.5612653e-03  -1.6856048e-03   2.3161190e-03  -1.9953688e-02  -9.5367775e-03  -3.3443401e-02  -2.2032251e-02  -3.0700847e-02   2.1497793e-01  -2.1741286e-02   1.1511743e-02  -3.7663596e-02  -7.5968942e-02  -2.5000251e-02   9.4344255e-03   3.5087971e-02   3.4803838e-02  -3.1415717e-02  -5.5834073e-03  -7.3519231e-04   4.6507420e-03  -3.2731657e-03  -1.0347835e-02  -5.0054285e-03   1.3243208e-02  -3.1521685e-04  -1.7748202e-03   4.5219423e-03  -2.1782825e-03   1.8682116e-02  -3.2965282e-03  -4.4189338e-03
  -6.2014689e-03   1.2031743e-02   1.2821450e-03  -1.3022132e-01  -2.0452701e-02  -3.4372124e-02   1.2062077e-02   3.4054920e-01  -2.1256407e-02  -8.5239100e-02   3.9322880e-03  -2.4729778e-02  -3.8241711e-02  -2.9159555e-02   2.8436661e-02  -4.1483399e-02   5.5756645e-02  -2.2687936e-02   3.1323275e-03   1.0642577e-02  -9.0538113e-02   1.3714394e-02   1.1210099e-02   5.6433428e-03   4.5462724e-03  -2.7704149e-02   7.3249823e-03   4.5944164e-03  -8.5757449e-03   7.2063826e-03   3.6811083e-02   1.4790944e-02  -6.8940704e-03   5.7605820e-03
   2.5124999e-02  -2.4856017e-01   1.5558944e-02   8.2406675e-02   1.3954667e-01   2.1460627e-02   5.4699261e-03  -4.1112546e-02  -2.0505292e-02  -7.7002472e-02   1.6924704e-02   4.2810770e-02  -1.0383308e-01   2.2388618e-02  -1.7258068e-02  -3.9336466e-03   1.5207842e-02   3.2113037e-02   1.6490472e-02  -5.4595405e-03  -3.0327723e-02   2.6486973e-02   1.3151824e-02  -2.5558208e-03  -2.9879595e-02  -4.0671874e-02  -1.3585016e-02  -2.7916965e-03   1.3644772e-01  -1.1081620e-02   2.8278317e-02   9.1041838e-03  -2.6742553e-04  -6.6358681e-03
  -4.0996717e-04   5.3688906e-03   1.8429633e-03   9.9305365e-03   3.3715546e-03   6.0160352e-03   2.2006612e-04  -3.7468236e-03  -3.2743234e-03   1.3767622e-02  -1.3509910e-02  -1.1098854e-01  -9.4357791e-02   3.2840967e-01  -6.8599380e-02  -4.7981423e-02   5.9561261e-02  -3.6791196e-02  -7.2863577e-02  -1.6902726e-02   2.6285844e-02   3.9626475e-03   9.5969504e-03  -1.0717865e-04   6.0953876e-03   7.6538706e-03   2.4012129e-02  -5.3662658e-03  -2.8035683e-02   2.1907073e-04   1.2288102e-03  -8.7072869e-03  -4.0768975e-03   2.6785265e-04
  -6.0942952e-03   6.9171741e-02  -4.1867623e-03  -1.5855440e-02  -4.5735782e-02   2.4881112e-03  -3.0445001e-03  -8.2014054e-02   6.2319274e-03   2.0512074e-03  -3.8354815e-03   5.5799874e-02  -5.9795689e-02  -1.4692103e-02  -5.7261031e-03  -4.7834467e-03   4.4990292e-02  -4.5267841e-02  -8.9395042e-02   1.2214041e-02  -3.4454878e-03   2.5835258e-03  -2.3170836e-02   1.0980414e-03   1.1541798e-02  -1.0159152e-02  -3.9053223e-02   1.0051679e-02   1.4995662e-03  -5.5536420e-03  -5.5304990e-02   2.8653717e-01   1.7287237e-03   5.1009081e-03
  -1.0981808e-03   2.1718081e-02  -1.1312093e-03   4.2865654e-03  -7.4706829e-03   1.9588282e-03  -1.4772549e-03  -2.4309926e-02  -1.8461798e-02   6.0269150e-04  -1.2489153e-03   4.1003971e-02  -1.4751504e-02   1.3665114e-03  -3.9016878e-03  -6.1666458e-04   1.5483877e-02  -8.6999965e-03  -6.0064704e-02   1.4663058e-02  -8.5039112e-02   1.3698383e-02   2.5948963e-01  -4.3035826e-03  -6.5788577e-02  -7.5756144e-03  -2.9603750e-02   7.3285908e-03  -9.3826170e-03   2.0465604e-03  -6.3716142e-03  -3.5043045e-02  -1.1831899e-03   2.8015217e-03
   7.3444432e-04   9.1979687e-03   1.9683708e-04  -9.0208288e-03  -2.3315079e-02   6.0975987e-03   1.0535204e-03   1.7146623e-02  -4.5403331e-02  -2.1437880e-02  -1.8609393e-03   5.9463029e-02  -1.1338261e-02  -2.6871324e-03   6.7077727e-03  -1.2886883e-02   3.0027851e-03   9.7758212e-03  -1.9288868e-02   1.1131387e-02  -1.2242597e-02   2.1084759e-03  -2.1212155e-02  -1.8891668e-04  -1.3251931e-02   1.8691548e-01  -4.1307434e-02   1.9314654e-03   1.6811385e-02  -7.3150646e-03  -4.4606472e-02  -4.7059453e-02   1.5713813e-03   1.8086678e-03
  -9.2718534e-03   8.8048449e-02  -2.5223420e-03  -9.2965828e-02   1.5670300e-01   5.6490275e-03  -1.5290396e-03  -3.3161978e-02  -4.7612202e-02   2.6869048e-02  -1.0338187e-02   4.8820708e-02  -1.3586347e-02  -9.8370020e-03  -2.0105068e-03   1.2318882e-03  -1.9298792e-03  -1.0876356e-03   2.6351023e-02   1.7488578e-02  -3.4276565e-02  -1.2445364e-02  -3.0504167e-03   4.1652524e-03   1.7894455e-02  -1.4751202e-02  -1.7037573e-02   8.5582155e-03  -4.7359451e-02   9.8272645e-04  -2.1332739e-02  -2.6613137e-02  -1.9858540e-03   2.0538637e-03
  -1.7234017e-03   1.4006777e-02  -1.2429793e-03  -2.1693471e-02   2.2416315e-02   2.4902740e-03  -8.8916036e-04  -5.2863059e-02   2.3361517e-01  -6.6150189e-03  -5.2309816e-04  -2.0822916e-02  -6.5012779e-02  -1.9491681e-02   9.7166312e-03  -1.9452693e-02   1.9909967e-02   7.7158322e-05  -8.9643138e-03   5.3421432e-03  -3.1674951e-02  -8.5923199e-03   9.4985411e-03   2.2883788e-03   9.0977163e-03   1.7472384e-02  -2.9572917e-02   3.9670474e-03   2.0674926e-02  -5.0542821e-03  -1.3528768e-02  -6.7617659e-02   1.7640920e-04   9.7907247e-04
  -9.4871260e-04  -1.4729228e-02   4.1943222e-04   1.3543858e-02  -2.6633823e-02  -2.7706019e-03  -1.0503277e-03  -4.4815658e-03  -6.1110697e-03   1.3278381e-03  -9.6065933e-03   5.7763213e-02  -3.4530988e-02   2.1973474e-02  -3.2620651e-02   3.0586163e-02   8.5993738e-03  -1.3679303e-01   1.7466233e-01   3.4460479e-03  -2.1025954e-02  -3.2684927e-02  -5.9855297e-03   2.6078791e-04  -2.8028366e-03  -6.7624757e-04  -7.7747193e-03   1.8118017e-03   3.5189174e-03   3.7474805e-03   1.8572334e-02   4.2727369e-03  -6.6162846e-04  -2.7567572e-03
