   3.0685270e-01   1.9597152e-01   1.8134670e-02  -2.3835082e-01   4.5940460e-02  -2.2360387e-02  -4.4727916e-02   2.0020890e-02   1.5449734e-01  -7.7565249e-02   6.3173289e-02  -1.0436868e-02  -1.7237822e-02  -5.2256757e-02  -8.6183071e-02  -1.5754091e-02   2.6443573e-02   6.0505534e-02  -1.0236920e-01   2.9932078e-02   1.0312501e-01   5.5507960e-02  -7.5669073e-02  -1.9567658e-01   1.0500826e-01   4.3514149e-02  -1.4318829e-01   1.8851073e-02   9.0103751e-03   1.5213594e-01  -3.0442914e-01   1.0541849e-02   2.4252983e-02   4.9927886e-02
  -2.0519747e-01   2.6513244e-01   2.6434309e-02   1.2441063e-01   7.1153563e-02  -3.2485006e-02   2.8596649e-04  -1.0639899e-01   2.9198470e-01  -1.7052245e-02   4.9835905e-02  -2.5214697e-02   8.9067873e-02  -8.9266746e-02   3.4126473e-02  -2.7846349e-01  -1.4204747e-01   1.4765814e-01   1.4215320e-01  -1.4620896e-01   1.3337416e-01   1.8536471e-01   1.1851827e-01  -1.9319205e-01   2.2136736e-02  -1.7160783e-02   1.4935786e-01   5.5415327e-02  -9.6733829e-02   6.2137887e-03  -4.1011212e-01  -1.3238425e-02   1.9047349e-02   5.5024933e-02
  -1.2360817e-01  -1.1914451e-01  -1.5276921e-02   1.0536542e-01   2.8497433e-02  -3.1623547e-02  -1.3590960e-02  -9.3613526e-02  -3.3892648e-01   1.1126554e-03   3.1460515e-02   1.1688148e-01  -9.7625808e-04  -3.3237595e-02   2.9095232e-02  -1.8753546e-02   1.0754112e-01  -1.4342256e-01   2.3282423e-01  -6.7099496e-04  -6.7924673e-02  -1.7036443e-01  -1.1836987e-01   4.7134892e-02  -1.7007305e-02   3.7464528e-02   4.7993323e-02   1.8212890e-02  -1.2378918e-01  -1.5306608e-02   7.3906234e-01   3.9664054e-02   3.2118973e-02   1.3859385e-02
   1.9080722e-02   4.3729043e-02  -3.1654334e-02  -3.9995988e-02   3.2475113e-02  -1.2160235e-02  -3.8821002e-02   4.3306399e-02   3.7573251e-02  -9.0898532e-02   1.3388652e-02  -1.3541361e-03   3.0003343e-02   1.9294496e-02  -3.4689670e-03  -1.9239800e-03  -7.5059776e-02   3.9044729e-03  -4.2406153e-02   3.8391369e-02   2.6388097e-02   7.0634906e-03  -7.3335204e-02  -7.6273838e-02  -3.1423841e-03   7.1384558e-02  -2.7393710e-02  -1.0891956e-02  -1.5373102e-02  -1.5180472e-02  -8.8930303e-02  -1.2501494e-02   1.7682285e-01   1.6094223e-01
  -9.4814929e-03  -1.6207974e-02  -5.4478264e-02   2.7208826e-02   2.5413897e-02  -3.8231765e-02   1.0495389e-02   4.5405144e-02  -2.7094601e-03  -1.3119713e-02   5.8761646e-04   4.0480289e-02  -1.9425483e-02  -2.0349109e-02   4.1315931e-03   3.2310239e-02  -7.3919871e-02   7.4447237e-03   8.4462478e-02  -1.1735152e-02  -6.9163656e-02  -1.8294687e-03  -7.7115394e-02  -1.0970964e-02   8.8981138e-03   2.7602056e-02  -1.0713255e-02   3.5656033e-02   1.5037681e-02  -5.9222597e-02   8.2673096e-04  -3.0907528e-02  -7.3427807e-02   1.7925824e-01
  -2.7752048e-02   1.0120275e-02   2.8279668e-02   2.3934169e-02  -9.8915239e-02  -2.9014304e-02   1.9554071e-02   9.4363426e-02   1.8989574e-02  -2.1696463e-02  -8.7420506e-02  -1.5944131e-01  -2.9125959e-02   5.9989022e-01  -1.2309214e-01   8.9135682e-02  -2.2936977e-01   1.5465442e-02   9.1779685e-03   1.0836592e-01  -2.6946810e-02  -2.2875910e-01   1.1163312e-02   5.1756369e-02   1.7061228e-02   3.5010417e-02  -1.0012761e-01  -3.4055918e-02   6.4483495e-02  -2.2678247e-02   1.0400826e-01   2.5101900e-03   1.4897998e-02   3.3600357e-02
  -8.4151077e-02   2.1060701e-01   4.3482225e-03   1.6776475e-01  -5.3534994e-02  -5.3362817e-02  -1.7564049e-02   1.7234626e-02  -1.9916768e-01  -1.5015473e-01  -3.8091827e-02   9.3883305e-02  -3.8861096e-02   2.6376129e-01  -1.7573151e-01  -1.1186706e-01  -1.1556179e-01   1.2711612e-01  -4.7033460e-02  -1.6912198e-02  -1.8377774e-01   3.3665276e-01   1.7695489e-01   2.5015245e-02  -1.3063088e-01  -1.4782291e-01  -6.2975643e-02  -3.2135145e-02  -1.2505287e-01   2.8950443e-02   1.3039454e-01  -8.6152078e-02  -3.8450015e-02  -3.3447828e-03
   8.9729912e-02  -1.8743537e-01   2.3149190e-02   2.1449880e-01  -8.3940915e-02  -6.2948649e-02   4.5094597e-02   1.2630928e-01   4.7900892e-02  -6.5637970e-02   9.8847387e-03  -1.5309168e-01  -1.8968596e-02  -2.2274681e-02   1.0361507e-01   2.2745522e-02  -1.1521422e-01   2.0280642e-02   8.1147066e-02  -6.2518073e-03   2.1974302e-02   3.1171475e-02  -7.1420550e-02   8.6480409e-03  -5.2104850e-03   8.2028666e-02  -3.4395331e-02   1.6834404e-05  -3.5398183e-02  -5.8406652e-02   1.5348218e-02  -2.5283326e-02  -1.5038689e-02   2.0686782e-02
  -1.7340407e-02   2.9388483e-02  -3.0937773e-02   4.7576090e-03   3.6767732e-02  -2.1689863e-02   7.2729731e-02   6.9909170e-02  -1.2798389e-01   2.6202124e-01  -1.1285306e-01   1.7422765e-01  -7.3647266e-02  -6.7435136e-02   2.6567050e-02  -8.9744834e-02   1.0635562e-03   5.2926863e-02   1.4843614e-02   9.2471576e-03  -5.8793401e-02  -6.2625241e-02   2.8096336e-02   9.3984612e-03   4.1368425e-03  -8.5719464e-02   2.6558622e-02   5.8986913e-03  -2.9427093e-02  -8.8262409e-03  -8.9649717e-03  -1.6995925e-02  -9.4222002e-03   1.6698785e-02
   1.2292600e-01  -6.9194495e-02   1.9488848e-03  -6.4476240e-02  -1.1510411e-01   2.0332753e-02   1.6515923e-02  -1.0972587e-01   5.3794214e-02   1.9197293e-02  -6.4264883e-02   1.0612158e-01   2.2505380e-02  -4.1091390e-02   3.1745391e-02  -4.2413498e-02  -7.4759376e-03   4.0855290e-02  -3.2141222e-02   1.5434445e-02  -4.8616929e-03  -3.7700895e-03  -6.8811066e-02   4.5186616e-02  -4.8622418e-03  -7.8761040e-02  -5.3173364e-03  -1.4016566e-02  -6.3862366e-02  -7.7861665e-02   2.3463208e-01   1.1968618e-01  -3.2106261e-03   1.9274937e-02
   1.7447091e-02   3.9071337e-02  -1.2996327e-02  -1.0168918e-01   9.8489338e-02   1.2646208e-03  -1.0471566e-02   3.9025719e-02   9.9998658e-02  -3.7017150e-02   6.0488781e-03  -5.2687417e-02   3.0843698e-02  -1.2730523e-03   6.7847350e-02  -1.7334468e-02  -6.7383915e-02  -1.2913584e-01   4.7303657e-01  -6.4827112e-02  -1.4173106e-01  -2.7212371e-01  -4.4904881e-02   2.0487414e-03   6.7969556e-02   4.0317087e-02   2.0573270e-02   3.5290694e-03  -2.2913266e-02   2.7058796e-03  -1.2740778e-02  -7.3276670e-02  -1.4664721e-04  -1.9431385e-02
  -9.0698412e-03   3.6593540e-02   5.0082168e-04   1.3902071e-02   6.2384706e-02  -9.4265644e-03   5.2945948e-03   2.8369904e-02  -2.0196844e-01   3.3366145e-02  -7.2215103e-03   4.4639065e-02  -1.8657282e-02  -8.1489612e-02   1.9952484e-02  -5.5879048e-02  -4.5459997e-02   2.8425709e-01   8.9532740e-02   6.1721338e-03  -3.4264664e-02  -9.8048426e-02   4.8853080e-02  -4.1760270e-02   4.2614278e-02  -7.3886984e-02  -2.3579068e-02   1.1126506e-02  -1.8317270e-02  -3.6636054e-04   8.0345036e-03   8.3418690e-03   1.3403761e-02   1.1659124e-02
  -7.8956254e-03   1.2539738e-01  -4.5223064e-02  -2.4539621e-02   1.2616904e-02  -9.9086355e-03   3.3074919e-02   6.4984295e-02  -3.8829797e-03  -9.1401910e-02   3.4000601e-02   4.3382132e-02  -3.3151013e-02  -8.2816485e-03  -4.2164382e-02   5.9464064e-02   2.7226614e-03   1.7319018e-02  -1.2381894e-01   4.1109636e-02   4.5747505e-02   9.9857970e-02  -1.0226777e-02  -4.3300502e-02   3.5146314e-02   1.1504320e-01  -1.3731087e-01  -3.1822575e-03   8.3730106e-02  -4.4573133e-02  -7.0846901e-02  -7.9204480e-02   7.6606659e-03   8.5837962e-03
   6.6885250e-03   2.6234790e-02  -4.2394506e-03  -2.4411864e-02  -8.4739371e-03  -1.2165987e-03  -3.3249562e-03   3.4132062e-02  -9.1043510e-02  -1.3493876e-02  -1.9907173e-02   2.4764752e-02  -2.4424438e-02   1.5126393e-02   1.1537514e-02   3.3411299e-02  -1.5349660e-01   5.7969979e-02   2.7411755e-02  -1.1147359e-01   1.6437669e-01  -2.0807258e-02  -5.8192312e-02   2.2145469e-01  -4.4601704e-02   3.5270043e-02  -5.8083445e-02  -2.7467215e-02   2.0406629e-02  -2.9863773e-03  -1.1041241e-03   4.8124210e-03   5.4405436e-03  -1.6135968e-02
   3.6065289e-03   9.3160822e-03   1.6222254e-02   4.7914325e-02   3.3535795e-02   2.4576431e-02  -9.6108481e-03  -1.5288890e-01  -4.2016163e-02  -1.0780359e-01  -6.4436723e-02   3.9376464e-01   3.3448713e-02  -6.6098847e-02  -4.6693284e-02   5.6739027e-02   7.8800641e-03  -5.7939016e-02  -2.5271695e-02   2.8040386e-02  -7.6199081e-03  -7.0179199e-02  -6.2726556e-03   3.8679754e-02  -1.5721218e-02   3.5122448e-02   4.9824095e-02  -3.6711193e-03   3.8746345e-03  -1.6412536e-02  -7.9171085e-02  -2.8661159e-03  -1.2491549e-03  -3.3098723e-03
   5.4879733e-02   2.3800727e-02  -1.5169936e-01   3.9183093e-02  -7.6476629e-03   5.2010208e-02   4.9850639e-02  -9.2932420e-03   4.1159106e-02  -3.7596569e-02  -9.5654096e-03  -1.8804331e-02  -1.5744224e-02   2.6342756e-02  -8.0891945e-03  -3.1701708e-02   3.2276054e-02   1.2763603e-02   9.2631906e-03   5.8946648e-03  -3.3143674e-02  -5.0130614e-02   2.4120851e-02   4.5293079e-02  -1.6750082e-02  -2.0136858e-02  -1.5927140e-03  -2.1331929e-02  -1.1561896e-02   2.6720312e-02  -3.7392571e-02   4.0530997e-02   1.3530889e-02  -1.3884504e-02
   2.5325920e-04   5.9610581e-02   5.3027723e-03  -4.0835201e-03   4.9852989e-02  -3.3402179e-02  -3.9151217e-03   5.6984784e-02  -1.5529093e-02  -5.4402916e-02   4.5565766e-03   1.5450823e-02  -5.6918025e-02  -1.0835181e-02  -2.5464661e-02   7.0641574e-02  -7.3106299e-02   3.1561314e-02   6.0113513e-02  -2.7060067e-02   4.0440778e-02  -1.0020000e-01  -1.9108519e-02  -3.3731630e-02  -2.1571031e-02   7.2143813e-02  -7.0826105e-02  -1.2671844e-02   5.3740889e-02  -2.3725247e-02  -1.2711880e-01   1.4149627e-01  -9.3582771e-03   1.7946020e-03
  -4.6342943e-02   4.5599351e-03   5.8980527e-03  -2.1705508e-02   1.1412533e-02   2.9287891e-02   1.5360511e-01  -6.4371573e-03   1.0151877e-02  -1.8646133e-01  -1.4941660e-04  -5.2835224e-03   3.4908169e-03   3.8872677e-02   2.4991814e-02  -2.7273441e-02  -6.4051600e-05  -2.0114256e-02   2.2010027e-02   1.9691446e-03   1.6946257e-03   8.0494700e-03   2.4026100e-02  -3.1876025e-02  -2.5087050e-04  -4.6716266e-02   3.6820572e-02   2.9702012e-03   2.0454401e-02   2.6685478e-02  -3.0553194e-02   1.5098456e-02  -8.1900295e-03  -1.2657201e-04
   1.4063029e-02  -2.2469769e-01   3.1246273e-02   1.3024516e-01   1.8705046e-02  -1.3294361e-02  -1.5819247e-02  -1.6038247e-02   1.3021778e-01  -5.0343558e-02   2.6245250e-04   5.7198865e-02  -1.1836293e-01   7.7486351e-03  -9.5945468e-02   7.5363449e-02  -6.7228312e-03   2.5652936e-02   2.6851386e-02   6.4403236e-03  -2.5459419e-02  -2.0444255e-02  -2.1421077e-02   1.0245337e-02  -7.5999272e-03   5.1380302e-02   7.0518599e-04   2.8434472e-03   1.0847680e-02   5.4049209e-02  -8.9720781e-03  -3.1470063e-02   2.2711244e-03  -2.6873264e-03
  -7.3336486e-02  -2.0411572e-02  -1.0487679e-02   2.6352044e-02  -1.7264217e-02  -6.5771085e-04   1.8836438e-02  -1.4609877e-02  -1.0488025e-01   6.0559234e-02  -3.3485269e-02   3.8838014e-02   3.2403889e-02  -3.2265553e-02   2.0555423e-04   7.6878843e-02  -2.8669158e-02  -7.9455225e-02   6.0779365e-02  -1.2723932e-02   1.0355440e-01   7.3983748e-02  -1.3119450e-01  -3.8787024e-02  -1.6869495e-02   6.7588508e-02  -8.2984721e-02  -2.7712141e-02  -7.1141433e-02   1.4634399e-01   6.5176858e-02   1.6352569e-02   3.6107398e-03   3.0988060e-03
  -2.6504204e-02   2.7494409e-02   3.6073821e-03   2.4876034e-02  -3.5281123e-02  -4.9211432e-03  -1.5483757e-06   1.6651232e-02  -1.2339915e-03  -1.3670494e-02   1.3519387e-03  -7.0180149e-03  -1.0606667e-02   1.0048178e-02  -3.7652535e-02   7.3046471e-02   8.6967716e-02   8.1829676e-02  -3.0448890e-02  -2.3794816e-01  -2.2904835e-02  -8.4446371e-03   5.9541688e-02   8.9414119e-02   1.0906013e-02   5.2844100e-04  -2.0400141e-02  -3.6294492e-03  -2.2628893e-02   2.0271954e-02  -3.9190994e-03  -4.7800891e-05   8.3513952e-04  -3.1813537e-03
  -2.2991728e-02  -2.3967321e-02   9.5909099e-03   5.9678477e-02   2.8044400e-02   5.4784928e-03   1.4863664e-03  -2.1616100e-02  -5.9081069e-02   4.3365744e-03  -9.2275437e-03  -8.0791736e-03   2.4318618e-02   4.4199250e-02  -3.1473293e-02   1.7664062e-02   7.7593373e-03  -1.4959316e-02  -6.2020988e-02   3.6167706e-02  -1.5024776e-02  -3.5762509e-02   1.6714238e-02  -8.0726979e-02   2.4010699e-01  -5.5164823e-02  -5.6411421e-02   4.7385001e-02  -6.1159666e-02   2.7145728e-02  -2.2009483e-02   4.1383540e-02   1.7223737e-03  -2.2140281e-02
  -2.9517653e-02   1.3155204e-01   5.2946450e-03  -1.5624566e-02  -2.7216762e-02  -1.5596493e-02  -4.3007624e-03   7.8181815e-02  -4.0521798e-02  -3.8075027e-02   1.2612727e-02   5.7692936e-03  -6.7869295e-02   1.7065830e-02   5.1772009e-03  -5.2592029e-02   1.1249680e-01  -1.0474950e-01   1.2114939e-01   5.1820433e-02  -2.3373069e-01   1.4537648e-01  -5.2613786e-02   1.4204180e-01   1.1561317e-02  -2.7367199e-03   2.2336212e-02  -1.0705201e-02  -3.8090891e-02  -4.6263737e-03  -8.7903762e-02   2.1297343e-02   2.4014788e-03  -9.5775212e-04
   7.2427022e-02  -1.0277755e-01  -1.8297088e-02  -1.6516734e-02   3.5064183e-02   1.1068035e-02  -3.0972445e-03   2.5442715e-04  -1.2913852e-01   2.3843114e-02  -1.5765962e-02   5.9300634e-02  -4.2017394e-02  -1.2761261e-02  -9.3756717e-03   1.0686542e-01  -3.7193770e-02  -1.2564486e-01   1.2489778e-01   3.5140576e-03  -4.2092559e-02   7.2040259e-02   1.6101098e-01  -4.8188944e-02  -9.7866268e-03  -7.3419807e-02  -5.8882307e-02  -8.7989480e-03   7.9110792e-03  -1.4221376e-02   8.5475983e-02  -6.0412564e-03   4.1761327e-03   1.0672199e-02
  -5.8299867e-06  -8.1830147e-02   1.4056720e-03  -4.6210345e-02  -1.8008790e-02   2.3862942e-01  -2.7166132e-02  -1.6613016e-02   4.9489377e-03  -8.9230235e-02   1.6976785e-02  -1.3956058e-02   1.0942939e-03  -5.2307089e-03   1.5732906e-02  -3.5956098e-03  -1.2382099e-02   6.2691543e-03   8.2950502e-03  -5.6905967e-03   1.8372744e-02   2.6788359e-02  -2.0075545e-02   4.2881746e-04  -2.6426507e-02  -7.4322883e-03  -1.9899632e-02  -8.2050082e-04   1.5000649e-02  -3.1277235e-03   4.8270419e-02  -5.3417163e-04  -1.3724734e-02   1.3053061e-02
  -1.9712168e-02  -1.1451330e-02  -4.3661798e-03   1.3339189e-02  -1.4425143e-02  -5.5836459e-03  -2.7821008e-03  -2.0158962e-02   4.3693487e-02   2.0249246e-02   2.4273817e-02  -2.3981867e-02  -4.1130121e-03  -4.1766124e-02  -3.2870282e-02   1.2129091e-01  -1.3195666e-01   2.5754167e-02   4.8548681e-02   2.2584560e-02  -8.9225952e-02   8.8097725e-02  -5.0344994e-02   1.0628840e-02   4.3986154e-02  -1.3161527e-01  -6.4995270e-03   3.0094077e-04   9.2583377e-02  -5.8222963e-03   3.0637045e-02   8.0432072e-03   2.8509586e-03  -8.5157935e-03
   3.0894755e-02  -5.7062090e-02  -4.1736667e-03   4.0839266e-02  -2.0949580e-02   3.9913941e-03  -1.7225533e-02  -2.9262441e-02  -5.3029072e-02  -4.6201306e-02   2.0265996e-01   4.6714090e-03   1.1875790e-02   5.3589819e-04  -8.8730083e-02  -4.5287162e-02   6.9825635e-02  -1.1040679e-02   6.0718277e-02  -7.5525779e-02   2.1979484e-02  -8.3776986e-03  -2.4631135e-02  -6.8678548e-03   8.0868123e-03   4.1876033e-02  -1.9002557e-02   3.5013267e-03   2.3324801e-02  -1.8799079e-02  -8.5081926e-03   2.6596795e-02   4.5980063e-03   1.0805108e-02
   2.3508916e-02  -1.0000918e-01  -4.3204276e-03  -6.0519691e-02  -2.5193451e-02  -2.6639709e-02  -1.2343611e-02   2.0475016e-01  -2.9512486e-02  -1.0939443e-01   3.6407015e-02   5.3171040e-02   1.5667375e-02  -5.8140748e-03  -2.1892378e-02  -6.4546941e-02   4.7739250e-02   3.3279882e-02  -3.9792441e-02   1.0320580e-02  -2.3395356e-02  -1.5799640e-02   3.6440785e-03   1.0400667e-02   1.8504137e-02  -5.4130087e-02  -2.8640542e-02  -3.2016963e-03   2.8292682e-02   2.7328749e-02   1.1624627e-01  -1.2654848e-02   7.2191954e-03  -8.2482452e-03
  -8.8554059e-03   5.2358904e-02  -7.4473074e-03  -5.9942913e-02   1.7536743e-02   7.8109259e-03  -2.0018242e-02   1.2900256e-02   2.8291823e-02  -8.4765936e-02   5.1847348e-02   4.6545448e-02  -9.5955237e-02  -2.1624465e-02   1.3316197e-01  -8.5651258e-02  -6.7966325e-02   8.7609324e-02  -6.4172953e-02  -1.6884849e-02   5.0260566e-02   6.9938665e-02  -1.5301044e-02  -5.4819379e-02   4.6458665e-02  -3.5514708e-02   2.6081988e-02   1.5251316e-02  -5.2958030e-02   1.5951576e-02   1.6523531e-02   5.3957046e-03   8.7888174e-03  -9.9518132e-04
  -6.0380449e-02   1.1388063e-01   8.1902963e-03   2.5941364e-02  -1.5013126e-01  -3.2147287e-03  -9.1697852e-03   4.3467675e-02   8.0322980e-02  -4.7064471e-02   2.0946220e-03   2.6755643e-02  -3.7020080e-02  -1.3947683e-02  -3.2631997e-02   3.4038745e-02   2.7133349e-02  -5.5509223e-02   6.1882805e-02  -1.3152766e-02   8.4242404e-02  -7.2865081e-02   3.5330039e-02  -7.7999729e-02   1.2704030e-02  -1.8752280e-02   1.2344576e-02   2.0599060e-03   4.8208178e-04  -3.0823083e-03   2.3473464e-03   3.5509827e-03   1.9164315e-03   5.1357712e-03
   1.9098074e-02  -5.2302987e-02  -4.1055331e-03   7.3296477e-03  -1.6272770e-03   7.4350120e-03   6.0081005e-03   3.7645574e-02  -1.3189874e-01   3.8755540e-02  -6.9654530e-02   8.7643751e-03  -6.1091396e-03   5.1882381e-02   3.9327295e-02  -7.3616099e-02   7.2180780e-02  -4.8847700e-02   5.4279313e-02  -5.8057876e-02   6.4457959e-02   5.7838554e-02  -7.0823147e-02  -5.8792293e-02   1.6335888e-02   1.5287135e-02   3.6511042e-02   1.3375574e-02   5.3926365e-02  -1.6641269e-02  -5.1976335e-02   1.8637777e-02   3.9161139e-04  -3.5593107e-03
   1.7223537e-03  -6.8483965e-03  -5.4286596e-03  -1.0608424e-02  -7.9966847e-02   1.9287167e-02   3.4982824e-03   7.1315857e-04  -5.4945685e-02   3.7250364e-02  -1.5027288e-02   2.9357213e-02   8.1198033e-03  -2.0392576e-02   9.3424071e-03   2.9952263e-02  -1.0250924e-01   6.7918046e-02  -6.5307121e-03   4.7966602e-02  -1.1855462e-01  -1.2904218e-02   3.2980960e-02  -4.4302425e-03   2.7572501e-02   1.4424681e-01  -1.9241350e-03   8.8137834e-03  -6.5905785e-03   6.6403406e-03  -3.3942429e-02   1.3245468e-03   9.0354005e-04  -9.5616050e-03
   3.5861855e-02   8.3803320e-03  -1.7310271e-02  -2.0448759e-02   9.3641700e-03   6.0196257e-03   6.2881923e-03   3.3893233e-02  -3.8618267e-02  -1.0428522e-02   2.0274855e-03   3.3577024e-03  -1.0295131e-03   2.2619578e-02  -7.9332646e-02   1.1390849e-01  -5.5004458e-02  -4.3947887e-03  -3.4878533e-03   1.5655931e-03   3.3752242e-02   3.0845888e-02  -4.5132841e-02  -1.9999063e-02  -4.6103081e-04   1.4908186e-03   8.9290005e-02   9.6421671e-03  -6.8247874e-02  -1.5445843e-02  -1.5435116e-02  -1.0879314e-02  -2.9692877e-03  -3.1129458e-03
   1.8222063e-03   6.8383361e-03  -8.9786120e-03  -9.4131303e-03  -6.6879870e-03  -1.7490672e-04   5.0433883e-03  -1.0943189e-04   4.8410244e-03   6.1729538e-03   3.7326669e-04  -7.0766131e-03   4.2232426e-03  -3.1788476e-03   9.3000255e-03   7.5307605e-04  -1.8280572e-03  -1.6060119e-02   1.9622701e-02   5.2837398e-03   1.6390753e-03   5.0447869e-03   1.0912110e-02   1.4797668e-03  -1.2154802e-01   9.3168207e-03  -3.1804946e-02   1.4501760e-01  -2.0144513e-02  -7.3375051e-03   2.4657498e-02   6.4264174e-04   6.4343662e-03  -2.0030251e-02
