   2.3179885e-01   3.7094152e-03  -1.3120536e-01  -2.3915238e-02  -3.8038865e-02  -6.2184588e-02  -4.8158347e-02   3.0620559e-02  -2.1073219e-02   5.1769055e-02   4.6335181e-02   8.2024368e-02  -5.5607026e-03  -4.0140024e-02  -4.4108346e-02  -3.2395491e-02   2.2119332e-02   9.0729215e-03   2.0001080e-02   1.9311586e-02   2.4245522e-02   4.5736283e-02   1.6359125e-02  -5.9756943e-02   1.0570130e-02  -1.4911873e-01  -2.0456069e-02  -2.7436549e-02  -9.6771438e-02   2.9854416e-01  -5.3973108e-02  -2.8713592e-02   1.2611479e-01   2.2456444e-02
   2.6997150e-02  -5.4196231e-02   2.0989069e-02   3.7342021e-03  -2.4719837e-01   7.7222313e-02   1.7677271e-01  -2.8808258e-01   1.9533558e-01   5.5107041e-02   3.8885651e-01  -1.3511900e-01  -5.6768057e-02  -2.7060338e-02  -1.4827465e-01  -8.0960529e-02  -1.7391573e-01  -2.5565487e-02   7.7832160e-02   3.6738976e-02   2.6412261e-01  -3.7231128e-02  -8.9620538e-02   9.5105432e-02  -9.2740293e-02  -2.8894153e-02  -2.1481345e-02  -3.0274506e-02   7.2713278e-02   9.6102173e-02  -2.3231329e-02  -2.9875071e-01  -1.0058575e-01  -8.0510459e-02
  -1.3764681e-01   4.7313377e-02   1.7374937e-01   3.9353931e-02   8.1325685e-02   1.6023882e-01   2.4457126e-01  -4.5838946e-02  -2.8828282e-01   1.7101504e-01   2.8715125e-02  -1.9592618e-02  -2.8474592e-02   2.7493011e-02  -5.7009359e-03  -1.7998848e-01  -3.7566859e-02   9.2523846e-02   1.5790543e-01  -3.5402904e-02  -1.1915173e-02   4.2182372e-02  -5.1641189e-02  -4.6093525e-03   5.8101495e-02  -1.4512131e-01  -1.9112426e-02  -2.5251123e-03   3.6264173e-02  -2.6640655e-02   5.2299405e-02  -6.6815516e-02  -9.5873782e-02   1.1021648e-03
  -5.0909845e-02   2.0605362e-02   5.7311759e-02   6.8202025e-03  -9.2899780e-02   7.9642461e-02  -1.7856059e-03  -6.4177667e-02  -5.5237367e-02   1.2907025e-02  -5.0061479e-02   1.1701533e-01   5.9153578e-05   5.5011175e-02  -6.1654949e-02  -1.0851930e-01   1.5607549e-01   2.1622258e-01   1.7530802e-01  -7.8384106e-04   3.6437873e-04  -1.6357372e-01  -1.2545952e-01  -3.6655136e-02   3.6923886e-02   1.6194390e-02  -1.4401551e-02  -5.4817160e-04   1.8880932e-03   1.6498562e-02   8.2340448e-02  -1.0715401e-01  -2.2049972e-02  -7.8491171e-04
   3.7640727e-02  -5.4634394e-02   5.2713069e-02  -4.9903260e-02   9.0556283e-03  -8.6597962e-02  -9.3768699e-02   3.8129888e-02   8.7071369e-02  -7.0528458e-02   1.0280687e-01   1.9300430e-01  -2.0871558e-02   2.0495096e-01   3.6459704e-02  -5.2203098e-02  -1.6319949e-01  -8.3343181e-02  -5.2035270e-02   5.5045622e-02   3.6781437e-02  -5.4997763e-02  -8.2865155e-03  -4.8834200e-03   1.6154472e-02  -2.9611628e-02   4.2706819e-02   1.1233559e-02  -7.1156619e-03  -5.1441230e-03  -3.7911088e-02  -1.0813691e-02   1.1807747e-02   8.5666225e-03
  -3.0554790e-02  -7.8446327e-03   3.0036985e-02   1.0094053e-02  -1.3840298e-02  -5.0073149e-02  -8.8401954e-03   2.5330973e-02  -5.6751508e-02  -1.9433246e-02  -4.1572871e-02   1.5310041e-01  -7.8287923e-03   3.3049702e-02  -1.5734779e-03  -1.1490859e-01  -3.3717561e-03   5.3490988e-02   3.5755985e-02  -3.1564772e-03   1.9952528e-02  -5.0351118e-02   8.0749998e-03  -3.5949068e-02  -2.6936239e-02  -9.9761033e-03  -4.0557420e-04   1.2333954e-02  -8.6183209e-02   9.0512321e-03   2.5095357e-02   1.9233441e-03   1.2754829e-01   2.1613326e-01
   4.8845295e-02  -2.0622389e-02   8.6801648e-03   1.1409098e-02  -5.9016349e-02  -1.6993330e-02  -1.6672173e-02   1.6023399e-02  -7.4456707e-03  -3.0859370e-02  -1.2534332e-02   1.4143683e-02  -1.7797871e-02   5.3542636e-02  -1.1963996e-02  -1.8194791e-02   5.8577560e-03  -2.2181661e-02  -1.9304790e-02   2.3615520e-02   1.2385002e-02   4.6123896e-02  -3.0963113e-04   2.7895555e-02   2.5798292e-02  -1.1922227e-02  -1.7565895e-02  -1.2458896e-02  -4.9166316e-03   6.6876955e-02  -1.3238067e-02   1.0691716e-02   1.5026387e-01  -1.9275477e-01
   1.0816362e-02  -4.5349841e-03   6.0206893e-02   2.5088689e-02  -5.3458193e-02   1.8555279e-02  -2.5019737e-02  -1.9181480e-02  -3.2966055e-02  -5.9455740e-02   9.2264234e-02  -1.5690480e-01  -7.3465050e-02   2.9681568e-02   2.6096507e-02  -6.6382086e-02  -7.4338272e-02  -4.8792893e-02   1.5553866e-01  -3.5450744e-02   1.1983829e-01   3.0992417e-01   1.1511825e-01  -7.9544018e-02   1.0756923e-01  -1.4602561e-01  -3.7463850e-02  -2.4372125e-02  -2.7340075e-02  -7.4062015e-03   9.1988882e-03  -5.9131340e-02  -1.2080700e-02  -5.6338751e-03
   5.8923704e-02  -4.4850973e-02  -1.5994109e-01  -2.2577414e-02  -7.2811746e-02   2.0626945e-01   5.3241160e-02  -8.1984122e-02   2.1708668e-01   4.5484642e-03   9.8768997e-02  -7.3030137e-02   1.6177714e-02  -1.7146394e-01   5.2100551e-02   1.3115502e-01   4.7604412e-02  -1.5096586e-01   9.2512152e-02   1.8771486e-02   1.7422021e-01  -2.6388826e-01  -7.7274009e-03  -5.8355684e-02  -3.9211790e-03   1.3655669e-01   6.2048936e-02  -1.0025212e-02   7.6482675e-02  -4.8782168e-02  -1.1517612e-01  -2.3895857e-02   3.7637140e-02   2.2493285e-02
   1.1487598e-02  -2.7252869e-02  -6.9032169e-03   1.9766314e-02   1.4289059e-02   1.5696185e-02  -2.8825607e-02  -4.4627257e-02  -1.2867670e-02   1.8957493e-02   4.6379701e-03  -2.6413856e-03   1.3703136e-02   2.8625849e-02  -3.9294482e-02   4.1462103e-02   5.1292642e-03   2.7127678e-02  -6.2762817e-02  -3.4430230e-02  -7.1827665e-02  -1.7811547e-02  -6.2056587e-02   3.3434361e-01   9.2880438e-03   1.9819546e-02  -7.5324254e-03  -3.6876218e-02  -6.2529097e-02   3.6871492e-02  -1.0358696e-02   5.1468690e-02   6.4991693e-03  -3.8737896e-02
  -1.9327264e-02   5.1448323e-02   5.1510413e-02  -9.3132451e-02  -3.1625585e-02  -7.2524494e-02   3.4330554e-02  -6.7708903e-02  -1.3699159e-01   1.3311622e-02   1.0412385e-02   1.4803298e-01  -1.1697214e-02  -3.6051436e-02   4.1409459e-02  -8.2601875e-02   3.6130876e-02  -1.2787988e-02   5.4833938e-02   2.6771207e-02  -1.0317751e-01  -1.9622819e-03   2.1772275e-02   5.4370372e-03   8.9771470e-03   6.4702117e-02   1.0245875e-01  -1.6166659e-02   6.5250021e-02  -3.4438102e-02  -2.7014220e-02   2.3552376e-02   5.7140360e-03  -8.6186461e-03
   1.2845111e-02   1.6618914e-02   4.3951467e-02  -4.5350238e-02  -7.4182647e-02   1.1169994e-01   1.5947759e-02   6.4616360e-03  -2.4624946e-02  -3.6904801e-02  -2.8926690e-02  -8.4145208e-02   7.5720034e-02  -1.6803747e-03   9.1236235e-02   6.8673400e-02  -1.0816983e-02  -6.6116073e-02  -7.1697759e-02   2.6813417e-02  -7.4765398e-02   1.9613431e-01  -2.9645513e-02   6.8824055e-04   4.2141408e-02  -4.0587413e-02   1.1572724e-02   5.1985650e-03   7.3476010e-03  -3.5882759e-02  -8.8744816e-03  -4.3529887e-02  -1.3826600e-02   1.3010702e-02
  -4.7304006e-02   2.8377247e-02   4.2080814e-02  -4.0704948e-02   3.1730716e-02  -2.7024071e-02   2.0354445e-03  -7.6856295e-02   8.6374361e-02   6.4587250e-03   1.8192201e-02  -1.7838548e-02   4.8044204e-02  -4.2790510e-02   5.3243171e-02  -4.6255578e-02  -1.4414350e-02   3.2019298e-02  -8.7986050e-02   3.0073396e-02   1.7346846e-03   4.8298431e-02  -1.7533467e-02   6.0257537e-03  -2.6796100e-03   1.7676493e-01  -1.8021309e-01   4.2079051e-05   1.2429392e-01   9.9092997e-04  -7.7799362e-04  -1.2076348e-01   3.4686586e-03   3.4824201e-03
   1.2975106e-02   1.4033175e-02  -6.7836170e-02  -3.2131233e-03  -1.9082264e-02  -1.4151901e-01   7.8419773e-02   1.2984932e-01  -7.8129764e-02   4.0361239e-02  -2.1153508e-02   4.7984034e-02  -4.0076491e-02  -1.9056073e-02  -1.6682589e-02   3.6891212e-02   3.4429875e-02  -1.6699226e-02  -3.1014944e-02  -2.5318564e-02  -1.2306053e-02   1.2701855e-01   3.4818278e-02   1.9149995e-02  -1.9389019e-02  -6.1446099e-02  -5.3887307e-02   8.8114214e-03   6.9860597e-02  -1.9788918e-02   7.0791828e-02  -7.5050992e-02   1.7139361e-02  -5.5026269e-03
  -1.3519456e-02  -1.2308869e-02   2.6746229e-02   1.0052412e-02  -6.3035191e-02  -1.0263228e-03  -1.9505286e-02  -2.3438736e-02   8.0455785e-02  -1.2678747e-02  -3.6780386e-03   1.6893816e-01   5.6435208e-02  -6.1995971e-02  -1.8122281e-01   1.0742269e-01  -1.5007271e-02  -2.2720936e-02  -6.6522300e-03   1.8685375e-02  -2.5965129e-02   2.3990933e-02  -3.1616017e-02  -1.8134790e-02   3.6003094e-02  -1.9498164e-03   2.5769819e-02  -1.4774073e-03   2.0564891e-02  -1.9165155e-03   1.7546674e-02  -9.1977094e-02  -4.3616117e-03  -5.8738103e-03
   1.3645444e-02   1.6747713e-03  -9.4579982e-02  -2.2684959e-02  -6.5006683e-03   1.2050468e-01  -9.8137706e-03   6.7719398e-02  -8.7672388e-02  -1.3188641e-02  -2.0103371e-03  -3.6449766e-03  -2.0912751e-02   9.5532160e-02  -6.3522505e-02  -3.6177813e-02   3.6298443e-02   1.1447215e-02  -1.9032942e-02   1.2120736e-02  -4.4566580e-02   2.1839741e-02  -5.2741668e-02  -3.2072083e-02   1.6974195e-01   6.4274774e-02  -4.4586521e-02  -2.6551885e-02   1.7351620e-02   1.1615579e-02  -6.2788827e-02  -1.8033025e-02   7.9386540e-03  -9.7014538e-03
   1.5373843e-02  -6.5886909e-03   1.4533190e-02  -5.5891070e-02   5.8570929e-02  -2.6729387e-02  -8.3502329e-03   8.2808107e-02  -2.3859446e-02   2.2551997e-02  -2.4321971e-02   4.8441812e-03  -2.1374982e-02  -2.3459858e-02   2.2803925e-03   5.8562513e-03  -2.1208467e-02  -2.1987870e-02  -3.6764071e-02   1.6572956e-01  -6.7196739e-02  -1.2359105e-02   3.5739702e-02   7.0171279e-04  -2.6742885e-02  -3.2180261e-02  -4.1594600e-03   1.1292308e-02  -1.9065623e-02  -8.2993387e-03   2.4553556e-02   2.1579229e-02   4.3755201e-03   9.4751083e-03
   3.3572760e-02  -5.4244331e-02  -3.3974220e-02   1.7012636e-03  -1.2791572e-02  -4.3333884e-03   1.9666660e-02   1.7605080e-02   8.9549527e-02  -2.0218923e-02   5.7756299e-02  -1.3325110e-01   2.1020117e-02   2.3859118e-02   7.7354209e-03   1.3613666e-03  -6.0304478e-02   5.4706922e-02   1.2767650e-03   1.3887440e-02  -3.5656199e-02   4.3905441e-03  -1.6217842e-03  -2.6601696e-03   1.9262793e-02   4.8219700e-02   4.4362664e-02   3.1147028e-03  -1.2914121e-01   1.6675632e-02   1.4668610e-01  -1.3824382e-01   8.5568343e-03  -8.5274551e-05
   1.2657501e-01   1.6441969e-03   3.0025686e-03  -7.6352290e-03  -1.8100967e-02   8.8415910e-03   7.5511056e-03  -1.6645325e-02  -2.3517393e-02  -5.6958243e-02  -1.5289351e-02   5.7276130e-02  -2.7238613e-02   4.8072119e-02  -2.7771809e-02   3.8045718e-03  -8.8595769e-03  -3.2699518e-03   2.9938068e-02  -9.5664731e-03   2.1819074e-02  -2.4353190e-02  -2.4512618e-03   1.2246401e-02  -2.9329636e-02   7.2683471e-02  -3.7241745e-02   2.4379517e-02   2.2868115e-02  -1.4328977e-01   1.8089924e-02  -1.7148647e-02  -9.4007799e-03   1.1487690e-02
   1.4232168e-02  -6.9843692e-03  -3.2937939e-02  -6.4178638e-03   2.9235761e-02   2.6987630e-02   5.8193274e-03  -5.1580959e-03  -8.7326823e-02   5.9379913e-03   1.1837319e-02   5.9420414e-02   5.2576716e-02  -1.0559375e-01   3.8712889e-02   8.6271392e-02  -1.4928385e-01   6.6832379e-02   9.7389100e-02   2.1505259e-03  -9.9762482e-02  -9.6609699e-02   8.4909481e-02   7.5021778e-04   3.2658227e-02  -2.5719103e-02  -3.6920468e-02  -9.2933653e-03   2.0341494e-02  -8.2585595e-05  -1.5976440e-02   3.6509639e-02   5.4020410e-03  -2.2680115e-03
  -1.2565943e-02   9.5284451e-03  -2.3124213e-03  -2.2656958e-02  -1.7200013e-02   1.7154402e-02  -1.1053577e-02   1.9450122e-02  -4.6578855e-03   5.4454916e-03  -3.1639554e-03   1.1265128e-02  -2.0044012e-03  -2.2211330e-02   1.7701550e-02  -3.7758639e-03   1.3198889e-04   7.8735600e-03   7.3726527e-03  -1.1991245e-02   6.4835375e-03  -1.2631580e-02  -1.3510276e-02  -2.1292505e-02  -3.3206992e-02  -1.1861163e-02  -2.4274157e-02   2.0328849e-01  -4.4383719e-02  -1.1292574e-02   1.0913392e-02   2.5115824e-02   4.6572126e-03  -5.8103735e-02
   4.4205040e-03   1.9610555e-03   2.3825582e-02   2.6972946e-03   1.8497526e-04  -5.0583597e-03   1.8679194e-02  -2.9628741e-02  -5.2144101e-02   3.9756201e-02  -1.4474350e-02   9.2555118e-02  -7.7456237e-02  -3.4573329e-02  -1.8316523e-02   2.7221241e-02   2.7498313e-02  -2.0363380e-02   3.1170911e-02  -1.7104876e-02  -2.9621853e-02   5.4907793e-02   1.1492185e-02  -6.7340503e-03  -1.5088236e-03   1.5133107e-01  -1.3051236e-02   7.1304220e-03  -1.8684436e-01   6.7200344e-02  -2.1999300e-02  -2.1255179e-02  -1.0635146e-02   5.9541766e-03
  -6.0707311e-03  -5.5745593e-02  -1.0387150e-02   1.6680109e-01  -1.1940800e-01  -3.6433553e-02   1.8181819e-02   4.6907127e-02  -1.8621682e-02  -2.3217030e-02   3.1156749e-02  -5.6959494e-02   2.7264486e-02   3.9266987e-02  -2.4751672e-02   1.5516844e-03  -2.7346690e-03  -6.5811944e-03   1.5886929e-02   1.5733395e-02  -4.3544906e-02   8.2402156e-03   1.3461464e-02   1.3518581e-02  -5.0372008e-02   6.6420085e-02   1.2974097e-02   1.1534885e-02   4.3121573e-02  -3.7605403e-03  -7.1977323e-02   7.8732479e-03   1.1935757e-03   4.4395931e-03
   2.3434241e-02  -1.6328656e-02  -1.3618184e-02  -3.4685592e-02   1.0436552e-01   2.3725797e-02   1.7949547e-02  -1.0869488e-01  -3.2045509e-02   3.2819392e-02   5.7081911e-02  -5.2577761e-02   6.0062453e-02   5.7836670e-02  -9.0210788e-02  -2.3620661e-02   7.5638426e-02  -1.0805340e-02  -6.6156167e-02  -5.2021270e-03  -3.9365675e-02   1.6550911e-02   1.1530788e-01  -3.9064488e-03  -2.9537218e-02  -5.3639630e-02  -8.7016264e-03   1.8088360e-02  -1.5108159e-02  -4.4545005e-03  -2.0510422e-03   1.3896430e-02   3.3001506e-03   4.1888387e-03
   1.7917549e-02  -1.9235458e-02  -4.4861799e-02   1.1054261e-02   3.1580410e-02  -1.0085397e-02   1.1338892e-01  -7.0043435e-02   7.9372291e-02  -3.1277550e-02  -1.0404985e-01   2.6311721e-02   1.0890686e-02   4.0578517e-02   3.1658481e-02  -4.0370344e-02  -1.2084945e-02   6.9071989e-03  -2.8357032e-02   1.7399406e-02   1.7970185e-02  -3.1513204e-02   2.6323473e-02  -3.8629809e-03  -8.0016300e-03  -2.1616029e-03   2.2487978e-02   5.0427275e-03  -1.8821830e-02   1.7306659e-02  -3.8489014e-02  -1.8987673e-02  -1.5140670e-03  -1.1797879e-02
   2.2384856e-02   6.8718956e-03  -2.9635073e-02   5.1528691e-03  -8.8997350e-02  -2.5722936e-02   4.1886325e-02  -5.4905292e-02   7.9125423e-02   2.0263910e-02   3.2427877e-02  -3.9200656e-02  -1.8353590e-02  -2.1733398e-02  -2.5675214e-02  -9.7420183e-03  -6.0816387e-03   1.6752737e-02   1.4997195e-02   1.2277989e-02  -1.6243560e-02   1.8140911e-02  -1.1394566e-01   3.0944931e-03   2.4843732e-02  -9.6497521e-03  -2.4969049e-02   1.0205185e-02   1.0429886e-02  -1.7417300e-02   2.4141739e-02   1.6403559e-01   6.6897368e-03  -1.9484468e-04
   2.0362996e-02   6.4947044e-03  -4.0127563e-03  -9.5605729e-03   2.8988956e-02  -4.0095313e-02   1.5094263e-03   7.4777497e-02  -1.0980536e-01   1.4746947e-02   6.3159305e-03   5.8029916e-03   1.3868229e-01  -4.3032905e-02   1.8954803e-02  -5.4581091e-02   1.8884519e-02  -2.3647457e-02  -8.0298730e-03  -9.9437693e-03   6.8830365e-02  -2.9807715e-02  -5.8427081e-02   5.5725215e-04  -8.7370820e-03   3.9836346e-02   7.3734315e-03   3.8306641e-03  -5.3092252e-02   5.1002024e-03  -3.6983420e-03  -9.0352405e-03  -1.7466839e-03  -5.0356293e-03
   1.2392952e-02   2.4768943e-02   4.1319535e-02   3.9559144e-02  -1.8083837e-02  -9.2404058e-02  -1.3778809e-03   2.0783422e-02   1.1896141e-01  -1.3635848e-04   9.6809081e-03  -1.0323641e-02   1.8290598e-02  -5.7557010e-02   3.3284559e-02  -5.3114468e-02   7.2094256e-02  -2.1055604e-02   3.1609799e-02  -1.5155513e-02  -5.6261898e-02  -8.8119274e-02   3.9203983e-02  -2.0392660e-03   9.4490926e-02  -3.4417812e-02  -2.0574471e-02  -4.7534283e-03  -2.4770506e-02  -2.2828552e-02  -1.7651383e-02  -6.5693822e-03  -6.0599194e-03  -4.3086844e-04
   9.3198905e-03  -1.8442769e-02  -6.1091567e-02  -1.9535082e-03   2.6590673e-02   9.3007920e-02  -2.6766409e-02  -1.8770459e-02   2.4470994e-02  -2.6349937e-02   3.4725939e-03   7.6766254e-02  -1.0754104e-02  -7.5324711e-02   4.9290501e-02  -8.5343487e-02   4.1290241e-02  -2.4315356e-02   7.7452801e-02  -1.3120767e-02  -7.3654219e-02   7.2935881e-02  -2.1407117e-03   3.2463228e-02  -4.4550013e-02  -2.7304513e-02   7.4748494e-03   1.5396005e-03   1.9385617e-02   3.2826226e-03   7.4813179e-03  -5.7784136e-02   6.0042757e-03  -2.7576963e-04
   7.6118730e-04   9.1360737e-03   3.4385927e-02  -8.0545037e-02   5.1132472e-02  -2.9006843e-02   1.8937899e-02   8.2443839e-02   2.5147947e-02  -3.4413934e-02   2.9132495e-02  -6.7541989e-02  -1.1554414e-02   7.3860937e-03  -3.1331575e-02   1.8317233e-02  -1.2808331e-02   1.0449404e-02   6.9309457e-02  -3.1061706e-02  -1.3069249e-02   6.4994272e-03  -3.0441029e-02   1.4513000e-02  -2.5408037e-02   2.2039982e-02   1.6063439e-02  -3.8059235e-03   4.0401070e-02  -4.8373216e-03  -6.4314377e-02  -1.1667773e-02  -4.2617069e-03   1.2071025e-03
   4.1882838e-03  -4.6881684e-03  -9.8310462e-03   3.9972098e-02   1.5163132e-01  -5.8057495e-02   1.8951755e-02  -7.0062104e-02  -3.5948776e-02  -7.6537291e-03   1.2513321e-02   3.3300887e-02  -2.5218093e-03  -1.5362047e-02  -2.4977207e-03   3.6752294e-02  -1.5124935e-02  -2.1539345e-02   2.9641940e-02   9.6492444e-03  -3.2783313e-03   4.6576644e-02  -7.3574239e-02  -1.1454024e-02   5.0733646e-02  -2.6755545e-02   9.1499798e-03   1.0584020e-02  -1.4864715e-02  -3.8934499e-03  -3.4212566e-02  -3.6711396e-02   5.6835665e-03  -1.8732387e-03
  -3.2571774e-02   1.9145241e-02  -6.7192575e-04  -5.7023685e-03  -1.4156563e-02   6.7075243e-03   1.0345148e-02  -9.3774956e-03  -7.2866058e-03   1.1079023e-03  -1.8522836e-02  -5.3697081e-02   2.1532437e-02   7.4601685e-02  -1.9518751e-02   1.1997813e-02   7.2679746e-03  -9.6122478e-02   1.4118734e-01  -4.2277974e-03  -2.7962833e-02  -5.4236174e-02  -1.4015969e-02   7.7019374e-03  -3.7836316e-03   1.0475392e-02  -3.5264715e-02   3.7038553e-04  -3.9626262e-03   2.3884728e-02   4.9441232e-02   1.2508557e-02  -1.2186239e-04  -2.6713283e-03
   2.4295982e-02   6.5771241e-03  -4.6303834e-03   5.3194001e-04  -1.8765093e-03  -1.5351823e-02  -3.6745040e-02  -3.2014677e-02   1.0197307e-02   1.6335790e-01  -4.0841123e-02  -9.0490605e-02   2.3946864e-03   2.5435080e-02   6.1483040e-04   5.1706744e-03  -1.6619383e-02  -3.5953839e-03   4.1123390e-02  -1.7032692e-03  -2.6735482e-02   2.7133282e-02  -2.4962035e-02   2.5342954e-03  -2.7445804e-03   2.9214265e-02   1.1839620e-02   4.7489664e-03   1.9542046e-02  -3.1494256e-02  -2.6521103e-02  -3.2209944e-02   2.3631847e-03   2.4631519e-03
  -3.4028210e-02   1.8272783e-01  -3.6997848e-02  -1.3328733e-02  -2.2525585e-02  -4.1359070e-03   1.5951729e-03  -2.2875248e-03   1.4422909e-02  -6.5037390e-03   1.5775632e-02  -2.2539301e-02   1.7020284e-03   1.6129998e-02  -1.2514095e-02   7.7687762e-03  -1.7781557e-02   9.8073625e-03  -5.1731867e-03   7.9336207e-03  -1.0689352e-02   8.3942307e-03   2.0684692e-02   6.6638158e-03  -1.3127502e-02  -3.5969347e-03   9.7317839e-03   7.8633327e-03  -5.4566818e-02  -1.2723499e-02  -3.3809866e-02  -9.6731614e-03   4.1860020e-03   1.2574013e-03
