   9.1410230e-02   4.0852025e-01  -3.1129832e-02  -1.7042028e-01  -1.0955576e-01   2.5608250e-02  -3.1121288e-02  -7.9393135e-02   2.3887127e-01   2.9206345e-02   7.2281508e-02   2.6040481e-02  -3.6737425e-02  -1.1493705e-03  -4.5487996e-02   5.7169093e-02   2.4864272e-02   3.8274162e-02  -4.0999188e-02  -3.0535824e-02   3.8503357e-02  -9.8795424e-02  -3.1759400e-02  -1.3898482e-02   4.4835033e-02  -1.0050668e-01  -4.9795982e-02  -7.9218101e-03   1.2265506e-01   1.5124127e-01  -1.7325637e-01  -4.9264075e-02  -6.5126378e-02   3.9642002e-02
  -6.6108116e-02  -1.2575782e-03  -6.5024546e-03   2.2658603e-02  -1.3996825e-01  -3.1780171e-03  -3.1924522e-02   2.8992290e-02   7.6438898e-02  -3.3908375e-02  -1.6747564e-03  -1.7886469e-03   6.0513524e-01   3.7989204e-02   1.4843393e-01  -1.7696600e-02  -1.0696927e-01   1.5152519e-01   1.3123430e-01  -4.5966628e-01  -2.2787980e-01   1.1003665e-01  -4.3258280e-02   4.1533193e-02   2.4872553e-02   1.6229857e-01  -2.1027561e-02   5.1033163e-03   2.7549627e-02   2.0484513e-03  -6.5960862e-02  -2.3746142e-01   8.2452637e-02   9.5225883e-02
   2.2439310e-02   9.1797436e-02   9.3979987e-04  -1.0829186e-03  -9.0355312e-02   1.5628445e-02  -2.0903783e-02   1.6758133e-02  -3.7799996e-03  -1.2571170e-02   1.4459685e-02  -2.2256931e-02  -4.0829629e-02  -8.5483674e-03   2.4267196e-02   1.1054001e-02  -1.2818061e-03  -1.1139264e-02  -1.9450151e-03  -8.1084990e-04   3.7956441e-02  -4.6161435e-03   4.8938345e-02  -9.1027629e-04  -5.5072295e-02  -4.9232915e-03   2.3254640e-02  -3.0270822e-02   5.1398023e-02   4.3339159e-02  -3.5109462e-02   2.5407421e-02   1.0094271e-01  -1.5053287e-01
   1.1531593e-03  -5.0830033e-02  -6.4181262e-03   5.4950185e-02   1.2768127e-02   2.0740682e-02   1.7740869e-03   1.0390296e-02  -6.8075028e-02  -3.2423262e-02   2.9443756e-02  -5.8527518e-03  -5.5616375e-02  -1.4984233e-02   6.7838298e-03  -3.4674676e-02   4.4718593e-02   8.3139010e-02   6.2170319e-02  -2.3220263e-02  -1.4172449e-01   7.2647191e-02  -2.9240118e-02  -6.5411312e-03   1.1049355e-01   7.8302611e-03  -1.0479251e-01   3.7394160e-02  -5.8782792e-02  -1.4026959e-02  -4.8710566e-03  -6.6014311e-02   1.5890415e-01   1.8889631e-01
   2.3598411e-02  -1.3976320e-02  -6.1195267e-03   1.7371507e-03   3.9984105e-02   3.3579152e-03   3.3449780e-03   2.3388544e-03  -5.6525387e-02  -5.8641382e-03   1.5072729e-02  -1.0048766e-02  -6.7937413e-02   5.7734659e-03  -2.8917160e-02  -5.2996858e-02   3.8696319e-01   7.4832880e-02   2.9824178e-02  -5.7813257e-02  -3.7287687e-02  -1.6440984e-01  -3.8348422e-02  -7.3899583e-03   2.7507982e-02   2.0392292e-02   1.2073729e-03   3.8439542e-03  -8.2219027e-03  -1.9463676e-02   2.8606185e-02  -1.3626566e-02   1.6458421e-03   1.0838542e-02
   1.0712983e-03  -5.6795732e-02   7.9573484e-03  -2.6300701e-03  -1.1825849e-01  -5.2547461e-04  -2.4009346e-02  -2.1432544e-02  -3.3171176e-02   3.3728061e-02   2.1332218e-01  -1.9372106e-02  -6.4442289e-01   1.0679846e-02  -2.0499311e-01   3.5542402e-02   1.4986928e-01  -1.7461610e-02  -3.9113084e-02  -9.5290864e-02   2.3738307e-01   6.1341521e-01  -4.7937352e-01  -2.6251830e-02   8.2053471e-02  -9.2569649e-02  -1.9961345e-02  -7.3583655e-03   2.3576802e-02  -2.0224116e-02   1.2707326e-02   5.9737119e-01   2.8914788e-02   3.5142808e-02
   1.0369435e-02  -3.6720271e-06  -2.0441721e-03   5.3129583e-02  -5.6439451e-02   1.8335146e-02  -1.1440460e-02  -1.9877967e-03  -8.4674250e-02  -5.2992050e-03  -4.3983323e-02  -1.6600538e-02  -8.7265020e-02  -1.9156752e-03   1.3225053e-01  -2.0614456e-02  -2.0779425e-01  -1.0181114e-02   1.7394230e-01   1.2204079e-01   3.1577960e-01   1.7333806e-01   1.0252761e-01  -6.9365622e-02  -1.1082014e-01  -1.6824540e-02   1.8005081e-02   1.5977565e-02  -2.1898465e-02   2.1815155e-03  -1.3518776e-02  -2.7552532e-01   1.8720829e-02  -3.9071335e-03
   6.9178740e-03  -2.1725951e-01   6.8968558e-03   6.9128347e-02  -2.2455364e-02   1.3635025e-02  -1.1926570e-02  -4.4143227e-03   2.5212373e-02  -4.2489005e-02  -2.6241111e-02   3.8145457e-03   8.2869575e-02   1.1249083e-02   7.8720318e-02   9.0478722e-03  -4.0657844e-02  -3.8815203e-02   3.9828509e-02   7.7390412e-02   9.0448226e-02  -2.5813488e-01  -2.4512139e-01  -7.4531968e-03  -5.2096127e-02  -6.2706334e-02   6.2157987e-01  -7.4631941e-02   1.3897658e-02  -3.1000113e-02  -2.3779625e-02   4.4065977e-02   2.4978554e-02  -8.3832957e-03
  -1.9072139e-02   8.4158720e-04  -4.7842433e-03   3.0539052e-01  -9.8652002e-01   5.7964080e-02   8.4346897e-03  -2.2571582e-02   8.0958301e-02  -3.2259883e-03   2.2468125e-02  -1.7756200e-03  -1.7821603e-02  -2.7456891e-02  -5.9282263e-03  -1.3554589e-02   2.4844974e-02  -1.7114006e-03  -5.3906431e-02  -2.8390912e-02  -1.4432580e-01   2.8607952e-01  -5.4632574e-02   4.4136606e-02  -4.2798404e-02   9.8990822e-02   2.0451596e-01  -3.2778247e-02   4.2546814e-03   8.7028151e-03   5.9453594e-02   2.1652974e-01  -1.2713772e-02  -1.9271943e-02
   9.1168113e-03  -1.0944618e-02  -3.5579076e-03   1.4077963e-02  -1.4261601e-02   2.3241673e-03  -2.1780981e-02  -1.6452098e-02  -4.2729294e-02   2.5929555e-03   3.1300636e-01   1.4688518e-04   1.0524286e-02   1.8485537e-02  -2.2219435e-02   1.5085443e-03  -1.0503710e-01  -1.0265319e-02   2.3988821e-02   1.3074793e-02   2.6923112e-02  -3.9141976e-02  -5.0358918e-02  -7.2691400e-03   2.2137163e-02  -1.6960004e-02   4.9943161e-02  -4.2497258e-03  -2.1098877e-02  -3.4231967e-03   1.6839273e-03  -7.0090660e-02   2.1145072e-03   1.1108439e-02
   2.0677419e-03  -4.0132299e-02  -1.7497044e-02  -7.1182667e-02  -4.1872369e-02   2.9700083e-01  -5.1868901e-02  -5.9470817e-03  -4.3627022e-02  -1.2073739e-02  -2.8638869e-02   5.0883298e-04  -9.3858615e-03  -7.7663940e-03   3.2222254e-02  -1.3056848e-03  -1.5393021e-04  -1.7914094e-03   1.6920052e-02  -1.7971566e-03  -1.4100870e-02   5.3347401e-03   2.5248291e-02  -1.1232338e-02   9.3603695e-04  -4.5549949e-03   2.3778443e-02  -5.6031651e-03   5.0331010e-03  -1.7254291e-04  -4.5816053e-03  -4.4115998e-03  -1.2056312e-02   3.4021453e-03
   4.7322231e-02  -4.5371350e-02   3.9400073e-04  -1.5842184e-03  -2.7536236e-02  -6.8562860e-03  -1.6463395e-02   7.1992897e-03   1.6804771e-01   1.8674140e-02  -6.8869018e-02   4.3961656e-03  -1.3080066e-01   1.8038754e-02   8.6201864e-02   1.8203957e-02  -1.3808737e-01   3.7252705e-02  -2.6731511e-01   4.2906301e-01  -3.8684331e-01   1.9221432e-01   2.3347825e-01   1.0328214e-02  -1.7494260e-02  -4.2882555e-02   1.5081822e-02   8.2763521e-05  -1.3934524e-02  -3.4493793e-02   7.2452208e-04  -3.2783259e-02   1.4010224e-02   1.5187365e-02
  -7.9740164e-03   1.6053942e-01   1.8891045e-02  -4.8385422e-01   6.9782454e-02   1.1577617e-01   1.3290901e-02   4.5954518e-03  -1.1464566e-03   2.4248535e-03  -6.2351833e-04   4.2292155e-03   3.4230606e-03   5.0481821e-03   7.7728369e-03  -2.5713005e-03   5.4135060e-03  -2.3705018e-02  -3.7492003e-04   9.4768699e-03  -1.1208953e-02  -3.1625386e-02   2.7320637e-02  -5.6446389e-03  -2.1106417e-02   4.0792975e-02   5.8499991e-02  -8.4269374e-03  -8.9586163e-03  -8.5754343e-04   2.6592282e-02   3.2897172e-02   7.1420524e-03  -4.1241891e-03
  -8.3618757e-03  -1.0041994e-01   1.9080817e-01   3.1138040e-02  -1.7535632e-02  -2.0580558e-02  -3.6021057e-02   9.3329257e-03  -2.0557607e-03  -4.4586988e-03  -9.9073955e-03  -1.0853217e-02  -8.8856949e-03  -8.6789745e-04   2.0126198e-02   5.4424882e-03  -2.5896773e-03  -2.2724898e-03   1.3743205e-02  -1.0395237e-02  -9.9076756e-03   4.2117380e-02  -2.8178926e-03  -9.6585471e-03   4.0431337e-03  -9.0984953e-03   2.7531198e-02  -2.6942472e-03  -6.6441560e-03  -1.8915279e-03   1.3240937e-03  -3.3311441e-02  -2.4947659e-02   1.0398832e-02
  -1.5815055e-03  -1.8556231e-02   1.4252190e-03   3.9898265e-02  -1.1198677e-01  -7.8208213e-04  -1.4889943e-03  -5.0041178e-03   6.2960467e-02  -1.6235784e-03   1.2733549e-01   6.7211878e-03  -9.3422640e-02   1.4662812e-02  -1.7033297e-01  -1.5094981e-02   1.5129709e-01   3.4183305e-02   9.2219735e-03  -1.6241434e-01  -9.7231846e-02  -1.7553532e-01   5.3571085e-01  -3.0493535e-03  -1.7513230e-01   7.1797761e-02   5.2205608e-02   1.3864718e-02  -2.0451349e-02  -9.0414001e-03  -1.6841041e-02  -4.1063866e-02   1.0014696e-02   1.0044367e-02
   3.4748127e-03  -2.4580898e-02  -2.7189717e-03   4.2913787e-03   3.1489659e-03   1.2225313e-03  -4.9207954e-03   1.2178230e-03   8.0732465e-03  -3.1933843e-03   1.7382502e-02  -1.6661118e-03   1.3794527e-02  -1.9864240e-04  -1.4972096e-02  -6.8906379e-05   2.3233749e-02   9.7809695e-03  -1.2805021e-02  -2.3941031e-02  -6.3474103e-02   9.1672463e-03  -2.0607030e-02  -3.5449337e-02   9.6893809e-02  -1.9755599e-02  -7.8325502e-02   2.1227025e-01  -1.4336689e-02  -1.0848331e-02  -6.0096463e-03   7.1434147e-03  -6.5466874e-04  -6.6578815e-02
   8.4468313e-03  -5.9251100e-02  -8.8386660e-03   3.5164306e-02  -1.6421966e-02  -3.7391619e-02   2.6852300e-01  -7.9988834e-03  -4.7949212e-03  -1.9337396e-02  -8.2090612e-02  -1.3372831e-02  -7.6005452e-03  -1.9270157e-03   2.2591740e-02   4.0946407e-03   1.9027083e-04   2.6199170e-02   9.0637495e-03  -8.8985519e-03   9.1451670e-03  -8.1099926e-03  -1.5122982e-02  -7.9297067e-03   5.0313435e-03  -1.6377861e-02   3.1069567e-02  -2.2366620e-03  -4.5022386e-03  -3.3852662e-03  -3.2816809e-03  -1.6810874e-02  -1.2989575e-02   1.0132446e-02
  -6.8178077e-03  -6.2234933e-02   1.4096878e-03  -4.0385394e-03  -1.0354268e-01   7.1972809e-03  -2.6047828e-03  -7.6990477e-04   2.4333607e-02  -3.8096405e-03  -2.8455219e-03   1.4285669e-02   2.9399198e-03   1.1189164e-02   1.4704023e-03   6.3359922e-03  -4.9260042e-03  -6.4984326e-03   2.0904690e-02  -6.2810521e-03  -1.6569568e-02   3.4102591e-02   4.9645767e-02   4.2295356e-04   8.1714865e-03  -6.7914474e-02  -1.4089835e-01   8.4852221e-03  -2.4830631e-02   2.1028072e-03   4.0875494e-01  -1.4095885e-01   4.0509635e-03   2.3283577e-03
   2.1057615e-02  -2.6843808e-01   1.2616943e-02   6.1406172e-02   7.9465402e-02   3.6691519e-03  -1.9794292e-03   9.0671809e-03  -3.4672549e-02   2.9321159e-04   1.2312883e-02   2.4789313e-03   6.6036251e-03  -8.5631218e-03  -1.1071661e-02   2.6347124e-03  -9.3526356e-03   3.5186451e-02  -1.9427028e-02   1.4183797e-02  -2.6730771e-02  -3.8467451e-02   4.3983099e-02  -3.1272422e-03  -5.9394197e-03  -1.1116441e-02   6.7923839e-04  -1.3886178e-02  -8.0180505e-03   1.1177362e-01  -6.0479924e-03   4.4913572e-02   8.7757779e-03  -1.4854807e-02
  -9.1890365e-03   1.6561493e-02   9.2033158e-04  -1.5996008e-03  -8.3507327e-03   1.8629208e-03  -3.1476740e-03   5.9330041e-03  -2.3258451e-02  -6.6730329e-03   8.3717276e-02  -2.9222426e-03   2.4374112e-01   2.1244227e-02  -2.4181685e-01   2.9981422e-02   4.8623329e-02  -7.0103654e-02  -8.1050659e-02   1.0832161e-01  -6.3708596e-03   7.5427216e-02  -8.6315267e-02  -2.0630441e-03   2.1250059e-02   2.4222805e-02   4.9365105e-03  -7.4526119e-03  -2.4789722e-03   1.6565692e-03   2.3101582e-03  -1.1736800e-01   3.8766767e-03   1.7000497e-03
   5.7145441e-03  -7.1652282e-05   1.6079812e-03  -5.5705320e-03   8.2512018e-03  -2.4660522e-04  -5.8118838e-03  -4.0187292e-03   6.2465206e-03   2.1703889e-04   4.8339569e-03  -2.3203545e-03   1.0041920e-02  -1.4299974e-04   1.5329423e-02  -1.4566779e-02   3.5223763e-02   1.5532030e-03  -9.8739287e-04  -7.9153071e-02  -4.6810887e-02  -4.4346212e-02  -3.4747197e-02   2.6236460e-01  -4.6557063e-02   8.8179032e-04  -1.1868831e-02  -1.0532446e-02  -1.7533442e-03   1.0857410e-03   3.5320621e-03   2.1816475e-02   6.8475764e-05  -2.3562399e-02
   3.7773104e-03   1.3876833e-02   1.8393133e-03   4.4371562e-03  -2.7836682e-02  -4.0088079e-03   1.2038210e-03   3.2933943e-04   1.0327784e-02   5.6200514e-04   3.1323279e-03   8.7520247e-03   7.3555545e-03  -2.5663201e-03  -1.3726292e-03   1.0159797e-03   1.5591613e-02  -8.2610798e-03  -1.6365882e-02  -1.3395435e-02  -1.9454186e-02  -3.4287417e-02   2.1319606e-02  -2.2581339e-02   2.5716289e-01  -4.2751299e-03  -6.0802591e-02  -1.1098985e-01  -1.5759554e-03   3.8931378e-03   4.5212370e-03  -1.8799196e-02  -3.0376604e-03   1.8944951e-04
   1.7459709e-02  -3.1913477e-02   1.8019145e-03  -1.5807967e-03  -3.8241659e-02  -6.0258631e-03  -2.4410195e-02  -5.7966824e-03   4.9241902e-01  -1.4701274e-02  -2.3907282e-02   2.6428192e-03  -5.9859845e-02  -1.8500919e-02  -5.4079849e-02   1.3199622e-02   4.1037224e-02  -5.5418762e-02   3.8926237e-02  -3.7033688e-02   9.1520139e-02  -1.5023977e-01  -2.7989550e-02  -6.7743310e-03   1.0789263e-02  -7.4546925e-03   2.6370216e-02  -2.2774422e-03   9.5748911e-03  -1.9555855e-04   5.7344742e-03  -1.9986283e-01  -8.7750256e-04  -4.5735421e-03
   1.8838636e-03   1.1568317e-02  -3.4415383e-03  -2.0454018e-02  -8.3079929e-02  -1.9325185e-02  -9.3812868e-03   1.8798709e-01  -5.7278858e-02  -7.4452725e-03  -5.1637017e-03  -1.2742552e-02  -1.2611972e-02  -1.2549904e-03  -4.1148890e-04   1.3409613e-02  -8.1961969e-04   8.0789428e-03  -5.8874974e-03  -1.2921347e-02   2.4054362e-02  -1.7623237e-02  -8.1123415e-03   2.5891137e-03  -4.0155797e-03   3.7488330e-03   1.1937221e-02  -1.2056894e-04  -9.2333353e-04  -3.6309678e-03   9.8377316e-03   1.4539855e-02  -1.4520509e-03  -1.0112747e-03
  -1.3654748e-02   1.6506640e-02  -1.4824915e-03  -2.3687314e-02   7.3332581e-02  -5.8079672e-03  -1.5439318e-03   1.1672649e-02  -3.0760984e-02   6.4580146e-03   1.5104103e-02  -2.0304087e-02   6.4204843e-03   2.5581628e-03  -3.7699083e-02  -9.6258898e-04   2.8196609e-02  -1.1970163e-02   9.2623263e-03  -2.9603979e-02  -6.3991482e-02   1.3636974e-01   6.8283063e-02   1.2449551e-02  -7.6342849e-03  -3.5930093e-01   1.6587902e-01  -1.0773412e-02  -4.6276824e-03   4.9082235e-03   1.0726975e-02   4.4911629e-02  -1.1383412e-03  -3.4698202e-03
   4.1409993e-03  -3.1161969e-03  -2.4348620e-03   1.6694599e-03   3.4042908e-03   6.0482676e-03  -1.8565346e-03  -1.0223935e-02  -2.1669818e-02  -3.2214822e-03   1.0017470e-02   5.9244705e-03  -3.1941915e-02  -4.0465005e-03  -8.3697639e-02   2.3010198e-01  -1.1220233e-01   2.1513934e-02   9.4747482e-03  -2.6976933e-02   1.2171462e-02  -4.7292617e-02   3.6847143e-02   1.1957976e-02  -1.0667545e-02  -1.0903359e-03  -1.5997361e-02   6.8704002e-03   6.7159962e-03  -3.4334882e-03  -1.8341413e-03   2.6282211e-02   2.0739210e-04  -5.2543206e-04
   1.3321996e-01  -1.5465890e-01   1.8612901e-03   3.4578693e-02  -4.5803259e-03   1.0587242e-02  -1.2595049e-02   5.4873628e-03  -1.1537194e-01  -1.5048704e-02   3.4374976e-02  -1.0552762e-02   1.2722521e-01  -3.6305774e-03  -2.3554247e-02  -1.9084946e-02   3.2134413e-02  -4.0012860e-02   4.7313012e-02  -1.1126922e-01   6.6473047e-02  -1.2927784e-02  -5.6226942e-03  -9.6117446e-03   1.0439335e-02  -5.8899932e-02   3.5854889e-02  -6.3548758e-03  -2.2402561e-02  -5.9401842e-02   3.2467688e-02   7.4013161e-02  -9.0466252e-03   2.3183139e-03
  -2.5960647e-05   8.1427560e-04   1.2457629e-03   1.2348208e-03   1.0563915e-02  -3.7381048e-03  -2.6408550e-03  -2.8759679e-04  -8.0565878e-02  -6.7033820e-03  -3.2387364e-02   1.8033577e-01  -2.3875718e-02  -1.1535185e-02  -2.8646737e-02   3.4350321e-03   1.5729119e-02  -2.1781028e-02  -1.4068696e-02   1.4535293e-03   6.6608057e-03   2.3024494e-02   8.8841885e-03  -4.4607980e-04  -5.9359623e-03  -1.7054592e-02   1.4571598e-02   2.4888674e-03   1.2177511e-03  -6.6431914e-04  -1.1453084e-02  -1.2899422e-02  -3.2475905e-04  -3.1420305e-05
   1.3746658e-02  -2.8361189e-02  -1.7588978e-03  -8.8071165e-03   9.1156135e-02   1.0064719e-03   2.9220679e-03   6.0635450e-03  -2.7510562e-03  -2.4714537e-03   1.5091534e-02   7.1020453e-03  -8.0496191e-02  -1.2052982e-02  -2.3544861e-02   3.5202385e-03  -1.0618110e-02   2.2876252e-02   5.0038369e-02  -1.9580455e-02  -1.1261977e-01   3.5639499e-01  -9.4056469e-02   2.3090778e-02   1.6727656e-02   6.4844145e-02   2.7390505e-02  -9.0132779e-03  -1.6667525e-03  -5.5194433e-04  -1.0372935e-02  -3.0201190e-01  -5.7527627e-03  -5.0499032e-03
   2.1010476e-03  -5.3650367e-03  -5.3444818e-05   1.2781829e-02  -2.2976590e-02   3.3901178e-03   1.6818804e-03  -5.3639130e-03  -4.0266351e-02  -7.1504847e-03  -3.7980130e-02  -9.7072740e-03  -5.1942675e-02   2.0710104e-01  -6.7498944e-02  -9.4053143e-03  -6.7370043e-03   9.4828903e-03  -1.3948979e-02  -3.0583696e-03   1.7174851e-02  -2.5092416e-02  -4.3395213e-03  -6.6633399e-04   5.8375036e-04  -6.0583145e-04   4.7956194e-03   1.7954021e-04  -2.7478056e-03   4.5244420e-03  -2.0429030e-03   3.8784326e-02  -2.2913640e-03  -2.4525832e-03
   2.1492594e-03  -9.2534334e-03  -1.4944599e-04   1.0335828e-02  -2.8467574e-02  -9.8672930e-03  -1.6693607e-02  -6.9149519e-03  -5.5414390e-02   1.7400412e-01  -6.0158783e-02  -9.5963340e-03  -9.8274618e-04  -7.4841405e-03  -1.2945017e-03   9.0729811e-04   1.0835196e-02   8.2593798e-04  -2.2715452e-03  -1.2099630e-02   8.4772425e-03   1.5631702e-02  -5.0514860e-03  -2.5779392e-03  -2.0544399e-03   6.5553313e-03   1.4038407e-02  -1.1881606e-03   3.0330387e-03  -1.5616786e-03   3.0846510e-03  -1.4307838e-02   4.2643947e-04   3.7982688e-04
  -7.2659740e-03  -7.3501794e-02   4.2211082e-03   1.7239861e-02   5.6196981e-03   3.8939677e-03  -2.4530368e-03   3.1451858e-03  -7.2043419e-03  -7.8272927e-04   5.5680437e-03   1.9522257e-03   1.8032041e-03   9.8089198e-04  -5.2047993e-03  -7.4268623e-03  -4.0284415e-03   1.8702813e-02   6.9201144e-03  -6.3696780e-03  -7.0725544e-03  -7.9056483e-03   3.0723201e-02  -3.2175721e-05   7.4551980e-03  -5.9526445e-03  -1.3769119e-01  -6.0311316e-03   1.9740442e-01  -1.8554401e-02  -1.7517270e-02   4.2054030e-03   4.4935382e-03  -4.0375662e-03
  -1.3440682e-03   1.6248554e-02  -1.5749560e-03  -1.1216507e-03  -3.3156488e-02  -1.7400373e-03   1.0817839e-03   7.7124196e-04   1.6308602e-02   5.1354438e-04   1.1512196e-03   1.0161466e-02  -2.1447381e-02   2.4761264e-04  -3.0244452e-02   1.3849912e-03  -3.9849246e-02   6.6318756e-03   2.1044686e-01   4.4828234e-02  -1.0570415e-01  -1.8016334e-01  -1.1951227e-02   9.6290586e-03   1.9697028e-02   3.8158629e-03  -1.2697940e-02  -1.9323122e-03  -5.8705413e-03  -1.0498775e-04   2.0632640e-03   1.0628652e-01  -2.1858867e-03  -1.2395794e-03
   1.9260162e-03   4.7403684e-03  -1.3958058e-06  -6.8342444e-03   4.0329652e-03   8.5287429e-04  -3.0304986e-03  -2.5006589e-03   1.8832908e-02  -4.4610738e-05   9.4461151e-03   3.9603034e-03  -1.7024226e-02  -1.8675008e-02  -1.9939751e-02  -9.1026587e-03  -6.1420268e-02   2.0879127e-01  -5.5393098e-02  -1.7325061e-02   1.7518068e-03  -5.7235790e-02  -2.0800667e-02   2.9166257e-03   6.1848330e-03  -6.6445445e-03   1.3174558e-02  -1.7736796e-03  -3.3470446e-03  -1.6568534e-03  -5.0172376e-04   2.0086680e-02  -2.4480492e-03  -1.7937356e-03
