   1.5239225e-01   1.9431159e-01   2.1923011e-02   3.3902826e-02  -1.0373854e-01  -4.4851764e-02  -3.5010471e-02  -1.5242758e-01   5.8221978e-02  -3.7359052e-02   9.5852424e-02  -6.3531388e-03   5.9204026e-02   2.1024767e-02   3.6554003e-02  -1.4502852e-01   7.8258252e-04   7.0626327e-02   1.4690304e-02   9.5209692e-02  -1.3487723e-01   3.0932524e-02  -4.8608183e-03  -1.8656460e-02  -1.5401802e-01  -3.6552011e-02  -4.6003922e-02  -5.1592279e-03   9.7014173e-02   1.9221305e-01  -2.7925364e-01   8.8172340e-02   6.8000790e-02   1.2352045e-01
   2.4281573e-02   5.8231065e-02  -2.1946230e-02   3.5578844e-02  -2.7794833e-02   1.0398550e-02  -6.2044286e-03  -2.2903036e-01   5.9986705e-02  -6.4491895e-02   9.3226162e-02  -2.5276117e-02  -3.7232605e-02  -2.5501454e-02   5.1654727e-02  -2.1608713e-01   1.3783296e-02  -9.3354840e-02   1.5932946e-02   1.3283044e-01  -3.3200277e-01   1.4165977e-02   2.0897546e-01   6.1107374e-03  -2.8210032e-02  -2.8611546e-02  -6.5816880e-03  -2.9698102e-02   2.0670702e-02  -2.9384289e-02  -2.8714677e-01   8.3193160e-01   1.9647521e-03   2.4848221e-03
   4.0401686e-03   8.3236197e-02  -1.5478910e-02  -2.6165832e-03  -2.3775695e-02   5.0094398e-03  -3.1928976e-02  -1.1558788e-01   3.6233923e-02   9.2388560e-04   1.3143723e-01  -2.2880951e-02   3.3582714e-02   3.5902308e-02   1.0149757e-01   4.9349722e-02   1.1079759e-02   9.6550932e-02  -1.7711310e-02   2.5560271e-01  -6.9404216e-03   2.5636800e-02  -1.5603891e-01  -2.5190577e-02  -5.9290525e-02  -6.4688692e-02  -8.3965478e-03   1.4719477e-02   1.4546787e-02   4.6234236e-03  -3.4340491e-02  -1.4623939e-02   6.1322163e-03   1.5807589e-02
  -5.5464432e-02  -3.9135690e-01  -2.7179890e-02  -6.3120511e-02  -2.5805084e-03   4.4611253e-02   1.0377370e-03  -1.3720303e-01  -1.6972572e-01   2.3937408e-01   6.3865140e-02  -4.3838159e-02   8.0645484e-02   9.0724125e-03  -5.0310756e-03  -1.9354250e-02  -2.4806360e-02   4.3370420e-02   2.2458734e-02   1.4192111e-01  -2.6525229e-01  -1.8899857e-02   2.2421049e-01   4.1237120e-04  -7.8831923e-02  -4.4951274e-02   2.3325439e-02  -3.7061797e-02  -5.1067715e-02   9.9734452e-03   1.0511857e+00  -3.1846550e-01   4.5886586e-02  -1.6888923e-02
  -4.1691954e-02  -6.6581493e-02  -6.2070196e-03  -1.2470642e-02   2.9420711e-02   4.2142160e-03  -1.1445124e-03   2.6960447e-03  -1.9611585e-02   6.3974319e-03   3.1458552e-02   1.8413239e-02   2.1947620e-03   7.8939606e-03  -2.1715975e-02  -3.4513174e-02   3.9561966e-03   4.0075371e-02   1.6279585e-04  -2.6899013e-04  -7.7934527e-02   3.5813164e-02   8.5128011e-03  -3.7815772e-03  -1.2697442e-02  -1.5191653e-02   9.1060631e-03   1.3143041e-02  -2.7570482e-02  -4.0177039e-03   6.0087025e-02  -1.6251182e-02  -9.5665831e-02   1.8466010e-01
   8.6914845e-03  -1.6767734e-03   3.1306185e-03   3.1156184e-02  -6.8239682e-03   1.1246649e-03  -6.3683054e-03  -1.0334576e-01   9.5164777e-03   7.5404431e-02   9.0902735e-02  -1.3491147e-02  -6.9338671e-02  -2.5201113e-03  -1.2820749e-02  -1.3580194e-01  -6.2870305e-02   5.4687335e-02   3.2142386e-02  -2.2292105e-01   5.8913934e-01  -1.0242497e-02   1.8659328e-01   4.3268101e-03   1.3970089e-02  -6.0543484e-03  -1.4238773e-02  -4.6189959e-02  -2.1996931e-03   8.9603077e-04  -4.9139289e-02  -2.0987187e-01   3.1342224e-03  -3.0280641e-02
  -9.4907482e-03  -9.7797610e-03   5.0654780e-03  -2.5466101e-02   1.1215393e-02  -1.6377295e-01   6.1312867e-02   9.7696329e-01  -1.6991271e-01  -2.5178938e-01  -5.8457799e-02   1.3648040e-02   4.5461026e-03   8.8313964e-03   1.7972980e-03  -3.3414688e-02  -3.0601837e-03   5.4554448e-03   2.7639909e-03   6.8278853e-02  -3.1215653e-02   6.3288061e-02  -1.0857473e-01  -4.6607759e-03   6.6944479e-02  -2.0221055e-02  -1.4703773e-02  -9.4756936e-03   4.9917605e-03  -4.0876963e-03  -8.7521449e-02  -2.1439313e-01  -8.9360486e-03   3.0381708e-02
  -4.3653960e-03  -2.3544846e-02  -1.1509279e-02  -2.2907363e-02   2.5784642e-02   4.7467016e-03  -1.9954973e-02  -4.0236575e-02  -1.5310980e-02  -2.3059097e-03   5.2640420e-02  -5.0601132e-03   3.9679012e-02   1.9289479e-02  -3.0559726e-02  -8.9578002e-02   8.0271495e-03   4.1103846e-02   3.2469022e-03   4.6840190e-02  -7.2001694e-02   4.7430358e-02   7.0291582e-03  -8.7670914e-03  -6.0557855e-02  -2.1491099e-02  -3.1139250e-03   2.9797795e-02   5.8537621e-03   2.4897686e-03  -3.8948878e-02   1.5365509e-02   1.6248379e-01   1.3639548e-01
   5.5239917e-03   1.7841638e-02   4.0466810e-03  -1.2131350e-02  -1.3104566e-02  -8.7134219e-03   4.1790200e-03   3.5399746e-02  -7.9683962e-03   2.4283992e-02  -2.3483192e-02  -3.1606203e-02   4.6015384e-02  -3.1429934e-03  -3.8063551e-02  -2.1075749e-01  -4.2824047e-02  -1.5666198e-02  -4.3972756e-02   4.9515996e-01  -2.8864045e-01   2.6980971e-02   1.2150870e-01  -1.3662675e-02  -6.7827069e-03  -1.9627880e-02  -1.0473472e-02  -1.2490998e-02  -2.5046258e-02   4.7389514e-03   2.9587121e-02  -2.8656891e-02  -5.0533428e-03  -5.7032959e-03
  -1.1368910e-03  -3.0458431e-02  -1.0480697e-02  -7.1123609e-04  -2.6325656e-02   1.0764350e-02  -2.7139395e-03  -1.1874807e-01  -4.1037777e-02   2.6616064e-01   2.4245661e-01  -1.8918813e-02  -4.9621612e-02  -6.8686904e-03  -4.0073690e-02  -1.5882786e-01  -2.4783435e-02   2.5459994e-02  -2.3690973e-04   1.5844343e-02  -5.9807641e-02   1.1990393e-02   8.5603238e-03  -2.3882892e-03  -2.2847681e-02  -1.0918131e-02  -7.3521924e-03  -9.7183927e-03  -4.0966568e-03   1.2045625e-02   2.0326998e-02   6.8847128e-02  -1.9770652e-02   2.1320627e-02
   2.6865515e-04   9.0442708e-03  -5.4686573e-03   5.4448554e-04  -5.4489882e-03  -5.8989984e-03  -3.6430673e-03   8.9247324e-03   2.5073162e-03   6.7354777e-03   6.7838064e-04  -2.7866963e-03   2.9468883e-03   1.6078538e-03   1.7525998e-03  -5.3468320e-03   1.5062893e-03   1.4919363e-02  -1.5032866e-03  -2.6022266e-02  -7.7494065e-02   6.8349992e-03  -1.4874495e-02   1.7362748e-01  -4.7098090e-02  -1.1240547e-03  -1.8184584e-02   6.5488358e-03  -4.1693893e-03   9.4779642e-03  -5.8548398e-03   1.4631352e-02  -3.3786711e-04  -1.1868908e-02
   1.0989586e-02   4.6895620e-02  -2.2327870e-03   4.0412660e-02   6.9807393e-03  -2.9231027e-01  -2.3213403e-02   6.6189608e-02   1.2888875e-03   8.7606274e-02   3.9169107e-02   1.0596609e-02  -1.7204630e-02  -5.7169035e-03  -1.7839200e-02  -7.5141009e-03   1.5637916e-03   6.2853781e-03   5.1389783e-03  -1.7279261e-02  -1.4061896e-02  -1.7672621e-02  -1.1683132e-02   3.4076534e-03   4.1473195e-02   8.1993094e-03  -5.2042892e-03  -1.8019560e-02   1.0513645e-02   2.9521168e-03   1.4310888e-02  -5.0321734e-03   3.6499002e-02  -2.1171591e-02
  -1.2783147e-02   4.0269978e-02   2.2445149e-03  -8.8725700e-03  -1.8594351e-02   7.6682314e-03   3.6232366e-03  -5.0771541e-03  -3.7404615e-02  -8.7512264e-03  -4.0600574e-02  -8.6479650e-03   4.3350225e-03   1.6029998e-01  -3.1270497e-02  -5.8821408e-02   1.9041583e-02  -1.3737700e-02  -2.6421904e-02  -1.9007889e-02  -1.6573412e-03  -2.4946846e-02   5.6833984e-02   2.4730421e-03  -4.3827234e-03  -7.6843751e-03  -8.1882049e-03   1.0690851e-02  -2.6902534e-02   6.0868562e-03   8.0927393e-03   1.6895087e-02  -5.3262858e-03  -4.1610530e-03
   8.8425277e-05   1.2695767e-02  -2.7957439e-03  -3.9351456e-03  -2.3115642e-03   5.2085958e-03  -7.0145299e-04  -4.0565258e-02  -7.3346324e-04   4.5756675e-02  -9.2937363e-03  -2.8189594e-03   1.4064713e-02   4.2237640e-03   1.1527410e-02  -1.2465094e-02   1.3743044e-02   1.6816298e-02   6.4915467e-03   1.1667252e-02  -1.5839142e-01   2.4109385e-02  -1.1912244e-01   1.5122060e-02   3.4145295e-01  -1.8159760e-02  -1.3766792e-02  -3.9617607e-02  -1.5862003e-02   5.6958516e-03  -3.6124213e-02   2.9855658e-02   3.2322629e-03  -4.1553318e-02
  -2.6079054e-02  -9.2440043e-02   1.6872250e-01  -1.2815530e-02   7.1461528e-04  -5.2218310e-02  -9.6656346e-03  -8.7948551e-03   7.9696397e-03  -1.0529286e-02  -1.9348730e-03  -2.9239089e-03  -5.7112614e-04   3.7613026e-03   8.8893385e-04   4.0708030e-03  -1.2290170e-03   1.8858506e-04   1.4908986e-03   6.8108356e-03  -6.5246200e-03  -1.6936570e-03   4.9543462e-03  -7.8727565e-04  -1.1888795e-02  -3.2346001e-03  -6.4010442e-04   2.0512924e-02   2.1480811e-03   5.3061357e-04   3.3302695e-02   1.5601872e-02  -2.9577495e-02   1.4645120e-02
  -1.6718382e-01   2.7268813e-01   2.9402311e-02  -4.8396237e-03  -6.4713235e-03  -1.7650206e-02  -1.0015631e-02  -4.3037983e-02  -1.2518825e-02   1.5619757e-02   1.5239796e-02   1.3108895e-02  -9.1776860e-03  -1.7107301e-02   7.0801403e-03   6.2278709e-03  -7.5243345e-03  -1.4792819e-03   2.3362754e-03   1.3215729e-02  -3.4872978e-03   1.0379973e-02   5.7913166e-03  -2.0550677e-03  -1.3116240e-02  -1.5685936e-02  -4.3668119e-03  -4.4391965e-03   9.4548518e-03   2.3059323e-02  -7.2569165e-02   5.7616119e-03  -1.7836441e-03   5.5175259e-03
  -4.4469340e-03  -6.0671622e-04  -1.2278833e-02  -9.6717528e-03   2.5121752e-03  -1.4093123e-02   1.6978093e-01  -1.7315136e-02   1.3360820e-02  -7.8349165e-02  -4.7204515e-02  -1.2218644e-03   1.0298487e-02   3.3617857e-04   1.3476466e-02   1.4202890e-02  -4.0287119e-03  -2.3213184e-03  -5.1490721e-03   1.3268472e-02   5.6561121e-03   4.2481386e-03  -1.3411855e-03  -2.4753161e-03  -1.1375760e-02  -3.3181832e-03  -2.8206738e-04   1.5366058e-03   4.3820856e-03   1.5159163e-03  -1.8194268e-04   6.0004875e-03  -1.4665657e-02   2.8085224e-03
   6.7272193e-03  -2.1074886e-02   5.0406877e-03  -1.0421702e-02   2.5267437e-01  -4.2898832e-03  -3.4104506e-03  -8.2007415e-02  -3.7271101e-02   1.8824288e-02   5.5467543e-03   7.6594480e-03   2.1685481e-02   1.1873264e-02  -4.8162037e-04  -3.5770584e-03   8.9467525e-03  -1.8425737e-02  -2.5379091e-02   6.5349390e-03   3.2749952e-02  -1.0635341e-02   5.1993040e-04  -8.3148097e-04  -3.5749668e-03  -2.7659466e-02   8.6640242e-03   1.5545045e-02   8.8625413e-03   7.8215187e-03  -1.1080002e-01  -4.5288626e-02  -5.7355009e-05  -4.4919919e-03
  -1.7879783e-03   1.5416570e-02   6.3188368e-03   7.7834362e-03   5.7620954e-03  -3.3387623e-03  -9.9858448e-04  -8.3913495e-03  -6.0895267e-03   1.6873124e-02   6.6897817e-03   8.9164629e-05   1.6725597e-02   2.9452340e-03   7.2972156e-03  -1.7431746e-02  -1.5760714e-02   2.2983624e-02  -1.9312742e-02   1.5490084e-02   1.5421275e-02  -5.7822101e-03  -7.7353713e-02  -1.5973062e-03  -1.3948561e-02   2.7876858e-01   8.3015885e-03  -3.7551930e-02   1.6506721e-02  -6.0696526e-03  -1.2648113e-01  -8.9226103e-02   2.6726916e-03   2.2527733e-03
   8.7830886e-03   2.3526123e-03  -6.7552030e-03   7.5700041e-03  -6.7797960e-03  -6.4627012e-03   1.3072192e-02  -8.6086364e-02  -1.2580314e-01   2.9651605e-01  -1.8253319e-01   3.1592220e-03   5.4868289e-02  -6.7964957e-03  -2.6005219e-03   3.9734434e-02   5.5695738e-03  -3.0091292e-02  -2.2108657e-03   2.1985524e-02   3.0679968e-02   2.6663082e-02  -9.6724920e-02  -5.0390354e-03  -1.2602439e-02  -4.4560996e-03   5.6109112e-04   1.6087067e-02  -1.2210654e-02  -7.6744520e-03  -4.3785725e-03   8.0649109e-02  -6.8875836e-03   1.1950892e-02
   9.3805857e-02   8.4920273e-02  -8.1452937e-03   6.9910485e-03  -1.6312557e-02  -1.4750525e-02  -3.8221698e-03  -3.0114209e-02   3.8651962e-02  -5.9173130e-03   1.5442233e-02  -6.9332683e-03   7.0717532e-03  -2.2743429e-03   1.9397757e-03   6.5934689e-03  -6.5008303e-03  -3.4380694e-03  -2.5313689e-02   1.4176621e-02  -1.5146694e-02   7.1721289e-03   2.6294266e-02   1.8013416e-03   1.9030129e-02  -1.7322343e-02   6.3809112e-03  -2.0410007e-02   5.8223506e-02  -1.8482706e-01  -5.0833368e-03  -2.6788951e-02  -1.3877327e-02   3.8722203e-02
   1.2302708e-02   1.6129636e-02  -9.0480919e-03  -1.1099092e-03  -4.0351198e-03  -6.0962993e-03  -2.2544373e-03   1.0931663e-02  -1.1591732e-02  -5.4529052e-03   6.4905751e-03   1.6814795e-02   2.3836694e-03   1.6132531e-03  -5.2739796e-03  -4.9426410e-03   2.6170536e-04   3.6120397e-03  -1.4787923e-03   6.3563418e-03   2.5638991e-03  -1.1371802e-03  -3.5070616e-02  -7.3886349e-03  -8.4622156e-02  -3.6271753e-03   1.9039390e-01   2.4619005e-02  -2.0753824e-02  -2.9775006e-02  -2.6799089e-02   2.5833305e-02   3.5367695e-03  -5.3714731e-02
   1.6882269e-02   1.7334200e-02  -3.6644756e-03   5.9583754e-03   2.8618696e-02  -5.9402851e-03  -1.4308224e-03  -1.7138557e-02  -2.6093781e-02   1.5680706e-02  -3.0174074e-03  -3.8399144e-03  -2.1206816e-02   1.6972525e-02  -1.7465478e-03  -2.7781704e-02  -8.0624021e-04  -4.1518963e-02   1.5929499e-01   7.4844004e-04  -3.9883140e-02  -1.7677496e-02  -3.2888436e-02  -1.5848033e-03  -6.3948413e-03   1.2476017e-02   1.8800487e-03  -8.6987185e-03   3.6131775e-03  -3.0468188e-02  -3.2397306e-03  -9.1350471e-03  -2.6889462e-03   1.2672557e-02
   8.7050219e-03   2.3679853e-02  -2.2865164e-04  -2.7130078e-03   2.4448590e-02  -5.2630178e-03   2.2806779e-04   1.0929463e-02  -7.3289389e-02   1.0707663e-02   1.6880054e-02   2.2392927e-03   9.1485508e-03  -5.0303301e-03  -3.4378208e-02  -7.6903054e-02  -3.4806853e-02   2.0453414e-01   5.9585714e-03  -6.7171359e-02  -1.6548160e-02  -3.1699113e-02  -6.5892668e-03   1.0755916e-03  -3.0498728e-03  -8.4392867e-03   6.1673300e-03  -1.2872392e-03  -1.6063671e-02  -1.3687177e-02  -8.2997366e-03   3.7407263e-02  -4.1012351e-03   3.1533742e-03
  -4.5611408e-03   4.3014085e-03   4.3553485e-03  -4.0989784e-03   1.3611227e-03   1.2537964e-03   8.7929767e-03   7.0325082e-03  -8.6671245e-03   2.5732208e-03  -1.0313124e-01  -1.6599133e-03  -8.5810631e-03  -1.2642658e-02   2.6455885e-01  -1.7776849e-01  -1.2588034e-02   9.0625558e-03  -2.6349109e-03  -1.3288577e-02   2.5357949e-02  -3.4693003e-03   5.9829664e-03   3.5117547e-05  -2.6650188e-03  -7.3007689e-03   6.1139886e-03  -1.9054422e-02   1.2194777e-02  -4.7326737e-03   1.0498094e-02   2.1222621e-03  -1.5907527e-03   1.2946254e-03
   2.6361657e-03  -5.3569514e-03   1.6049515e-03  -1.6784633e-02  -4.8341527e-03   5.7400631e-03   2.7120013e-03   2.4882723e-02  -1.8336493e-02   5.4691025e-03   3.7737234e-03  -3.7480940e-03   3.9229711e-03  -5.2713098e-03   1.0578800e-02  -1.8052615e-02  -8.2010999e-05   1.9121303e-02   6.3439565e-03   1.0550860e-02  -9.3632064e-03  -1.1479604e-02  -6.0189895e-02  -5.7000069e-04  -5.5595784e-02  -1.9926889e-02  -8.3952330e-03   2.3245275e-01   1.3166334e-02  -1.5071954e-02  -1.1161579e-01   3.2032122e-02  -2.1736976e-04  -1.1847346e-02
  -5.9535483e-03  -5.3472473e-03   3.0156138e-03  -1.7758932e-02   8.1906504e-03   6.9680351e-03   2.6532670e-03  -7.7697037e-02   3.0224725e-01  -1.1972407e-02  -2.6581789e-02  -1.2733271e-03  -2.8590656e-02  -2.3425023e-03  -8.2556420e-03  -5.9120296e-02   3.4975343e-03   1.4813817e-02  -1.0249645e-03   5.0265860e-03   9.0450856e-02  -2.6803036e-02  -1.8151016e-01  -5.1922570e-03   2.3119219e-02  -2.8634143e-04  -1.1128110e-03   1.5169827e-02  -1.4251020e-02   2.4566350e-03   6.1703774e-02  -7.9132012e-02   1.5880305e-04   2.2201239e-03
  -6.8783335e-03   4.0047312e-03   6.0831853e-03  -4.9022695e-03  -1.5284673e-03   3.1571048e-03  -8.0359221e-03   6.6417893e-03  -5.1748553e-02  -5.3685791e-02   6.4605500e-02  -6.9586028e-03   1.9853032e-01  -8.8503160e-03  -1.4352606e-02  -3.2954411e-02  -1.2422966e-02  -4.8324329e-02   8.7913389e-03  -2.4577984e-02   3.3710176e-02  -5.9010117e-03  -4.6247544e-02  -3.9792377e-05   5.9929137e-04  -5.3835444e-03  -1.5119153e-03   2.7128309e-03   4.9608496e-03   1.7144853e-03   2.0389657e-02  -3.7300681e-02  -2.5343708e-03  -3.7589344e-03
   1.1415422e-02  -2.2050902e-02   5.3992705e-03   1.4497591e-02  -2.7508543e-03  -7.9371810e-04  -7.1998328e-04  -1.6668750e-02  -6.3558266e-02  -4.5601842e-02  -2.3549386e-02   1.8442331e-01  -1.0672757e-02  -8.7277663e-03  -1.6770504e-02  -2.4825048e-02   1.1739025e-03  -9.5149883e-03  -6.0304211e-03   1.5951508e-02  -3.2613455e-02   9.8151921e-03   3.7047465e-02   3.9693923e-04  -8.9405595e-03   2.7246514e-03   3.8286242e-03  -9.6268066e-03   4.3379086e-03  -7.5788292e-03   1.3167939e-02  -9.1224352e-03   1.3779562e-03  -3.5152995e-04
  -4.1728027e-03  -9.7733507e-02   8.7737675e-03   1.8431699e-01  -9.2392666e-03  -3.0132438e-02  -2.9833149e-03  -4.6414283e-02   2.3021985e-02  -4.1128873e-03   7.4745706e-03  -6.5372449e-03   5.3004485e-03   3.3206190e-03   6.0533228e-04  -2.5224239e-03  -3.5834607e-03   3.7963568e-03  -6.3753807e-03   8.3376222e-03  -1.7260808e-03   2.0280230e-03  -7.8515458e-03  -2.1569303e-05   4.2385935e-03  -5.6398317e-03  -3.0473112e-03   8.8926850e-03   3.9599116e-04   1.5323100e-02  -3.5245808e-02  -6.5338429e-03  -7.9403014e-04   3.3785708e-03
  -2.7591308e-02  -7.0795480e-02  -8.5524468e-04  -7.5182888e-03  -2.5160708e-04   1.1666606e-02   8.5116257e-04   1.6397430e-02   3.0458055e-03   8.7722932e-03  -1.0838447e-02  -3.5638918e-03  -1.4753666e-03   8.0850141e-03  -1.2472016e-02  -7.1391693e-03   5.3140105e-03   7.4795769e-03   5.2555594e-03   1.7580456e-04   8.2747423e-03  -7.8304839e-03  -2.1955063e-02  -1.8388257e-03  -8.8271225e-03  -5.8109858e-03  -1.2262851e-03  -4.3465467e-02   1.7426169e-01   2.9174786e-04  -2.7887681e-02   1.3451343e-02   6.5116458e-03  -1.7863669e-02
   3.1348349e-03  -3.5640905e-03  -1.5012360e-03  -1.2929709e-03  -8.0998578e-03  -2.0401078e-03  -3.8198171e-03   3.5752981e-02  -1.0251759e-01  -3.7047575e-02   3.6210303e-02   3.8024523e-03  -1.4701635e-02   4.6885928e-03  -2.6913875e-03  -9.0996474e-03   3.2225783e-04  -7.0162770e-03  -6.6459028e-03  -2.5299772e-02   2.0778144e-01   1.1630867e-02  -2.4362095e-01  -6.7110135e-03   3.7408661e-02   3.2574956e-04  -1.4573240e-02   3.0683903e-04  -1.6859276e-03  -6.9658111e-03   3.9786213e-02   1.2254056e-01   1.2054758e-03   3.8830162e-03
  -8.4906187e-05   7.7136669e-03  -2.4502713e-04  -1.6022808e-03  -1.1065915e-03  -6.0471887e-04  -9.9923887e-04   4.6239253e-04  -3.7570229e-03   3.8727931e-03   1.2689521e-02   1.3392136e-04   8.9892305e-03  -3.5039720e-03  -1.0652602e-02  -1.1261741e-01   1.6427336e-01  -1.3146057e-02  -3.2751344e-03  -3.7971267e-02  -1.0830535e-02  -3.6199940e-03   1.6797511e-02   1.5962815e-03   1.7973892e-03   2.7180522e-03   2.5540915e-04  -1.7080241e-03  -1.3069410e-03  -3.4482587e-03  -2.0789368e-04  -7.6224591e-03  -1.1676443e-03  -7.8819081e-04
  -3.7024683e-03  -3.3428431e-03   2.8137700e-03  -1.8621574e-03   5.4478584e-03  -7.4057492e-05  -1.8886432e-03  -7.4878444e-03  -2.7463499e-02   6.3294008e-03   7.0600879e-03  -8.3983432e-03  -2.5845575e-02   2.0992606e-04   4.7700388e-06  -5.7079476e-03   1.2670896e-03  -2.0854507e-03  -5.1056397e-03  -1.2282345e-02  -2.2076272e-02   1.9885094e-01  -7.3038901e-02  -6.0897064e-05   4.2394268e-04   3.3910028e-03   5.4417571e-04   6.8912006e-03   1.7682944e-03   1.1621731e-03   1.4393915e-02  -6.0579877e-02   5.6880385e-04  -3.0762737e-04
