  -2.2389476e-02  -1.0501190e-01   5.6720860e-03   3.9277287e-02  -4.2560343e-02  -6.8742670e-02   7.0706235e-03   2.9025451e-01  -1.1089433e-01   2.7134810e-01   2.9831826e-01  -6.8829727e-01   7.9208978e-02   2.2644777e-04   9.3677240e-02   4.3407857e-01  -2.5646738e-01   9.3521993e-02   2.7378550e-02   2.2775449e-01  -1.5824057e-01  -5.1790812e-01   4.3507643e-01   3.1970448e-03  -3.7718499e-02   1.4060111e-01   1.0676857e-01  -2.0993036e-01  -1.4481027e-01  -3.4620186e-02   5.3151967e-02   5.6510566e-01   1.1107400e-01   8.6096143e-02
  -3.7251583e-02  -8.0631281e-02  -2.4484314e-02  -7.4670415e-02   1.8021161e-02  -3.7763684e-03  -3.5355427e-03   2.0870036e-02  -5.5387121e-02  -6.1018481e-02  -1.1228891e-03   1.1684442e-01  -5.4806042e-02   2.2445015e-02  -1.0829721e-01   1.1404845e-01  -3.8414901e-02  -3.7867262e-02   6.8055329e-02  -3.4706149e-02   1.2576155e-01  -1.1844898e-01  -8.9909929e-03   1.3372640e-03  -3.7820586e-02   3.8810379e-02  -1.2660513e-02   4.9329853e-02  -5.2727037e-02  -3.5204274e-02   1.0368454e-01   7.2197460e-02   2.5089475e-01  -4.3723287e-02
   6.2642966e-02   2.1220420e-01   3.6382099e-02  -7.5404113e-03  -1.3593716e-02   4.4781689e-02   2.1695332e-03  -3.2994114e-02   1.3373930e-01  -2.4544214e-01   1.1008401e-01   5.0436418e-02   2.2391512e-02  -1.2868837e-02   5.7316856e-02  -9.0759380e-02  -1.6038133e-03   7.6243735e-02  -1.6229336e-01   1.3118113e-01  -1.3750395e-01   2.3575724e-01   8.7458268e-02  -1.6159769e-02  -5.3911564e-02  -2.1549293e-04  -1.9297285e-02  -1.5195083e-01   7.9191642e-02   7.2057688e-02  -4.3145091e-03  -4.1097352e-01   9.1357171e-02   8.2794574e-02
  -7.2833042e-03  -1.4689514e-04  -4.7381898e-03  -6.7465090e-03  -4.7864902e-03   1.7410644e-02  -2.7562083e-03  -7.6679417e-02  -8.0871537e-02  -9.3138279e-02  -3.3037938e-02   2.1368847e-01  -1.7073082e-01   2.8247862e-02   4.5827894e-01  -1.8607886e-01  -3.8158903e-02  -6.2510620e-02  -1.2663980e-02  -1.0965025e-02   7.0743898e-03   1.1883886e-01  -1.9891445e-02  -1.0952465e-03   2.6348799e-03  -5.1779813e-03   9.9112173e-03  -4.6183518e-03  -4.4850900e-04  -3.4248098e-03   1.7476725e-02  -2.4852143e-03   1.1180605e-02   1.5736251e-02
  -4.0431792e-03  -3.5660896e-02   5.0058326e-03   1.4749144e-02  -3.2324853e-03  -2.7288744e-03  -3.6943829e-03   2.4124510e-02  -2.1672069e-02   5.2377993e-02  -6.0575771e-02  -1.6557535e-03   1.2643892e-01   9.3231413e-04   1.9122063e-03  -1.7226287e-02  -1.1015751e-01  -6.7057849e-02   4.1924418e-02   4.3728912e-01  -1.2415974e-01  -1.6390476e-01  -1.3701978e-02  -1.7706944e-02  -5.2563676e-05   4.6695879e-02  -9.1327091e-03   3.0511939e-02   6.9871279e-03   8.6487564e-04  -2.2379513e-02  -6.1944288e-02   1.5688782e-03   8.1439431e-03
   7.1060608e-04   1.7938241e-02  -2.6544324e-03  -4.2882587e-03  -2.3147635e-03   7.0278986e-04   9.2302176e-04  -9.9197998e-03   5.2614547e-02   5.2414662e-03   2.0514043e-02   8.3186749e-03  -2.1442038e-01  -1.4003239e-03  -7.1200533e-02  -1.8491010e-02  -9.5314069e-02   4.6061004e-01  -5.7298567e-03  -1.4374102e-01  -1.4569547e-02  -5.4174341e-03   3.9724123e-03   2.1778052e-03   9.4683366e-03  -1.4652387e-02   4.8152620e-03  -1.5444392e-02   1.8433146e-02   1.7183031e-04  -2.1054948e-02   2.4632945e-02  -8.3246483e-04  -3.1728568e-04
  -9.6283594e-03  -5.2858943e-02  -7.7188545e-03  -5.6264046e-03  -6.8691594e-03   6.1510324e-03  -2.6949085e-03  -4.7702673e-02   7.0214218e-02  -2.4874043e-02  -6.2370487e-03   3.8247785e-02  -7.2211059e-02   3.4095584e-03  -3.5432823e-03   5.7879463e-02  -7.2625559e-02  -2.5808187e-02   4.6470417e-02  -1.9447732e-01   6.8972407e-01  -5.7876880e-02  -4.1165329e-01  -5.7174065e-03  -1.2331538e-02  -1.9781626e-02  -1.2933913e-02   8.0530163e-02   5.4570955e-02   1.1665979e-02   4.1140683e-02   1.1311787e-02   1.8508193e-02  -1.1826166e-02
  -7.6283470e-04  -4.5689566e-03  -2.2914852e-03  -1.3280974e-03   6.8457367e-03   6.7085906e-03  -1.8853305e-03  -3.8522999e-02  -1.0675440e-01   4.4074272e-02  -1.0968529e-02  -3.5155850e-02   6.0152341e-01   9.7874797e-03  -6.4184111e-02   3.2755470e-02  -1.2939838e-02  -9.2788340e-02  -5.2064199e-02  -1.0197770e-03   1.0614262e-01  -2.4560830e-01  -6.7454476e-02  -2.8492864e-03   1.5786565e-02   2.8874195e-02  -2.8905478e-03   7.6738250e-03   1.4106279e-02   6.1984041e-03   1.9690524e-02  -1.1646169e-01   1.3809865e-02  -3.3632336e-03
  -1.4956290e-02  -2.7722325e-02  -1.9818000e-02   2.4877854e-02   9.2908786e-03  -2.2960893e-02  -6.6427932e-04  -4.2353427e-02  -2.9137199e-02   2.4034398e-02  -3.5667188e-03   7.9485053e-02  -1.8621980e-02   8.4490929e-04  -4.9318007e-02   1.3199541e-02   1.7294849e-03   9.5048710e-03   1.0002756e-02  -2.8978456e-03  -3.0633451e-02  -1.6832107e-02   2.8540341e-03  -1.1229743e-02  -1.4494654e-02   1.3927275e-02  -3.1274113e-02   4.7397964e-03  -4.7731852e-02  -3.4779158e-02  -2.5587982e-03   5.1562207e-02   7.2519188e-04   2.3529334e-01
   6.4114807e-03   1.7589424e-02   9.9287153e-03  -5.7326978e-03  -1.8108002e-03   1.1764611e-02   2.4794969e-03   2.6812218e-03  -5.6007617e-01  -2.5223395e-01  -3.6390177e-02   9.2714266e-01  -8.8555336e-02   2.5166711e-03  -4.2605261e-01   1.8351432e-01   1.5641822e-02  -2.9758990e-02  -4.3278202e-02   3.6949898e-02  -1.9925267e-02   6.6792519e-02   1.0624456e-02  -3.1597597e-03  -1.5986391e-02   3.9351646e-02   7.9915213e-03  -1.8267191e-02  -1.9269516e-02   2.6972052e-03  -2.7166587e-02   2.0651591e-01  -1.5612878e-03  -1.1292900e-02
  -6.2107005e-04  -5.5794153e-03  -3.7885397e-03   6.5038365e-03   2.8106681e-03  -1.1248735e-02  -1.0480941e-03   6.4683590e-02  -2.6032491e-02  -2.0695577e-01   4.6025000e-01  -6.4068339e-02   9.9403664e-02  -1.5888303e-02  -2.7362033e-01   5.9409862e-02   2.2367220e-02   1.6069943e-02  -2.4253502e-02  -5.2306074e-02   6.7511829e-02   2.9383218e-03  -4.7017530e-02  -1.3036508e-03  -4.2653250e-03   7.3772270e-03  -2.6842500e-03   7.6841557e-03   8.2927308e-03   1.1085789e-04  -1.3228069e-02  -2.6304071e-02   6.3754533e-04   4.3543676e-03
  -1.8950106e-03  -6.3087722e-03  -2.1108409e-03  -3.1345936e-03  -1.0135556e-02   2.5210640e-02   4.1495799e-03  -2.1069698e-01   6.8347523e-01  -9.6030519e-02   2.3427098e-02   3.5061821e-02  -1.9216787e-01  -1.2463093e-02  -4.7022654e-02  -6.3951674e-02   3.9810494e-02   4.0525435e-02  -4.6967777e-02   9.7852858e-03   3.8916146e-02  -1.3674662e-01   2.2287404e-02  -9.0189278e-04   8.3847068e-03  -1.8943232e-02   2.0829348e-03   5.0801929e-03   2.2483261e-02   4.3869839e-03  -5.4866291e-04  -1.0877193e-01   4.1228704e-03  -6.9528390e-03
  -2.3027660e-02  -1.8403534e-01   5.3569890e-03  -4.3505883e-02   7.0874739e-04   1.5850463e-02   1.2212390e-03  -3.1772335e-02   6.7615453e-02   2.6248277e-02   1.5290950e-02   4.8585321e-04   2.6370285e-03   6.3510509e-03  -3.0072644e-02  -2.7265844e-02   3.8354476e-02  -6.6647480e-03   1.5492586e-02   4.7921088e-02  -2.1586757e-01   9.6417844e-02   7.3634637e-02  -1.3299372e-03  -4.7998200e-02   6.1659690e-03   2.2312290e-03   3.3256536e-01   1.1190656e-01   2.7998512e-02  -1.9535653e-02  -2.3420420e-01   2.4937953e-02  -2.6930326e-02
   1.8872412e-04   3.7677851e-03  -3.2186810e-04   7.5251327e-03   5.1135967e-03   2.9517862e-03   2.4246060e-03  -6.4512551e-02   7.1879239e-02   1.9503670e-02  -8.2154039e-04   1.9664755e-02  -5.0273931e-02  -3.1572850e-03  -1.2986875e-01   1.1487619e-01   3.2998650e-01  -1.5852985e-01  -5.5007541e-02  -5.5901602e-02   5.6170577e-02   1.0760605e-01  -7.0215599e-02  -3.2705894e-03   9.5091889e-03   3.5212844e-03  -1.6925968e-03   1.0605885e-02   5.3236999e-03  -1.1027810e-04  -8.1536444e-04  -8.2675320e-02   3.0891081e-03   9.9758912e-04
   1.5896490e-03   4.3030743e-03  -2.7292201e-03   8.6946483e-03  -5.2693407e-06  -2.6859767e-03   3.9420578e-03  -6.0701526e-03  -4.9859655e-02   3.8997289e-02  -5.8613928e-03  -4.9935880e-02  -1.5152334e-01   2.3159590e-03   3.0359430e-02   2.4647891e-03  -1.9274026e-02  -3.2630735e-02  -4.3349080e-02   2.7778832e-02  -3.2594399e-02   7.1424066e-01  -3.4939967e-01  -6.4747372e-03   1.0356681e-02  -3.1601609e-03   2.5699500e-03   3.7574457e-02  -1.3067935e-02   6.9297172e-03  -1.3203839e-02  -1.0757531e-01   8.2358623e-03   1.0980609e-02
   1.4369401e-01  -1.2634718e-01  -1.6649419e-02  -1.6721501e-02   2.4236845e-03  -3.7599965e-03  -3.0558077e-03   1.6585948e-02   6.3376806e-04   1.7705676e-02   3.8242254e-03  -2.9200342e-02  -6.8322678e-04   3.7353556e-03   5.2258533e-03  -1.2727929e-03  -1.2005040e-03   6.0677098e-04   8.2389305e-03  -9.9789157e-03   1.7917364e-02  -2.2828492e-02  -6.2965245e-03  -6.6807136e-04  -9.7860712e-05  -7.2568936e-04   1.8566300e-03   3.8189569e-02  -2.9714568e-02  -6.0815526e-02   1.9651300e-02   3.6662147e-02   2.1312054e-03   3.6465520e-03
   3.4785305e-03   3.2873722e-02   2.9133392e-04   1.4026166e-02  -2.1018586e-03   5.9034296e-03   1.8456476e-03  -2.4643401e-02   3.4586684e-02  -2.2456088e-02  -3.5294388e-03   5.0722198e-02  -1.0282903e-03   3.8203774e-04  -1.8801425e-02  -2.2027693e-02   3.0571038e-02  -2.0161347e-02  -1.1510385e-02   1.3938985e-02  -1.2391129e-01   6.4435720e-03   4.3623024e-01   4.4218106e-03  -3.2085053e-02  -2.9714534e-02  -7.8912635e-03  -1.0394368e-01  -1.2938502e-03  -5.3355625e-03  -1.6638567e-02  -1.9742349e-01  -3.5248640e-03  -2.0041509e-03
  -4.5846563e-03  -1.8932267e-02   3.3458895e-04   4.4146405e-05   2.4990979e-03   2.1462530e-02  -1.6346630e-02  -2.6512302e-01   1.4307730e-02   5.2474277e-01  -9.8899154e-02  -1.5444962e-01   1.3562006e-02  -9.4056402e-04   1.8631479e-02  -2.0865658e-02   5.0236216e-03  -3.2988840e-03   3.1259295e-02  -5.5039542e-03  -9.8925011e-03   4.6576655e-03  -3.4537774e-02  -1.9165237e-03   6.4099377e-04   2.1875116e-02  -2.4031871e-03   6.0238002e-03   3.3719929e-06  -9.3079521e-04   6.8881634e-03   5.2383728e-03  -1.1275280e-02   6.2198928e-03
   7.2874803e-04   7.2768538e-03  -1.1841161e-03   3.7897420e-03  -3.8894542e-03   6.5007047e-03  -5.8129330e-03  -5.7064990e-03  -4.9027482e-03  -1.0521043e-02   7.7727615e-03   1.9946091e-02  -6.6347652e-03  -6.6322314e-04  -6.9936434e-04  -1.1703106e-02   8.7475748e-03   7.4375536e-03   1.4076142e-02  -1.3120595e-02  -1.0332997e-01   3.5749082e-02  -1.2914249e-02   1.7583460e-01  -1.1085824e-02   1.0870715e-02  -2.8079135e-02   2.9483625e-03   8.4646023e-03  -4.8952592e-03  -7.4530150e-03  -2.3540122e-02  -1.1734668e-03  -1.4027057e-02
   5.7511264e-05   2.1611768e-02  -9.3666236e-03   1.7254564e-02  -3.2520069e-03  -1.5048896e-02  -3.1124964e-03  -5.7589066e-03   3.9092884e-03   7.4993638e-03   2.4387623e-03  -4.0084679e-04   1.5329177e-03   1.9626005e-03  -1.2459102e-03  -9.5402225e-03   3.8009355e-07   7.9484245e-03  -1.8772548e-03   1.0529787e-02  -4.7835397e-02   2.4557290e-02  -1.4051669e-02  -3.8190150e-03   1.2914914e-02   1.5926761e-02   2.2313729e-01  -7.2291128e-02  -4.6160749e-02  -1.3505629e-02   3.1546919e-03  -2.0073735e-02   4.7791939e-03  -6.8211992e-02
  -1.0815270e-03   1.2581461e-03  -2.0744021e-02   1.3756405e-02  -7.0237865e-03  -4.5702062e-02   1.7936840e-01   3.9252908e-02   3.5201376e-03  -1.5179290e-01  -1.6262159e-02   5.6246226e-02  -1.0851010e-02   1.7989454e-03   1.0795576e-02  -8.7560826e-03   2.4517372e-03  -5.1589440e-03   7.0563365e-03   3.4384384e-03   4.2037256e-03  -1.1040061e-02   4.7832523e-03  -8.5355297e-04  -3.5360580e-04  -1.0905830e-02  -4.8618205e-04   1.3021243e-02  -1.8344023e-03   5.0782842e-04  -7.8629781e-03   2.0169452e-03  -1.1582030e-02  -2.5278684e-03
  -2.1424712e-03  -1.2941149e-02   1.9014134e-03  -1.5344265e-03  -5.0978584e-03   1.4996916e-02   2.2205189e-03  -4.3020724e-02  -2.6508364e-02  -3.8066188e-02  -3.3331234e-02   1.8391803e-01   3.1067332e-02  -1.5915995e-01   9.7896257e-02   2.4897586e-03  -2.2690889e-02   1.0785075e-02   1.6357485e-02  -7.5565437e-03  -1.6545861e-02  -4.6868599e-03  -6.7722894e-03   7.3247586e-04  -6.8325600e-03   5.6427585e-02   1.6632013e-03  -1.5206389e-02  -2.8892089e-03   6.3423132e-06   1.9965361e-02  -3.7410410e-02  -2.9376980e-03   3.3191588e-03
  -2.1247031e-02  -5.9713079e-02   1.5988263e-01  -1.1027524e-02   4.0663190e-04  -8.9930613e-02  -7.0718566e-03   9.2946361e-03   1.4460292e-02   1.1766143e-03   4.2741340e-03  -1.1508783e-02   1.9067237e-03   4.5267975e-03   2.9318623e-03  -1.1069083e-02   4.8129387e-03   4.0756066e-03  -9.0255458e-03  -4.7084018e-03   2.3406842e-02  -1.9283453e-02  -6.6943523e-03  -1.6904108e-03  -6.4163805e-03   1.5467898e-02  -1.3670941e-03   1.6767582e-02  -2.1363778e-03  -1.3604842e-02   3.7298986e-03   2.1569199e-02  -2.2583024e-02   1.3047907e-02
  -1.2445198e-02  -7.7442864e-02  -1.1413685e-02   3.1869122e-03   6.9192174e-04  -8.2632006e-03  -3.1409044e-03   1.2672293e-02  -1.2596073e-02   2.0235671e-02  -4.3691616e-03  -2.0054432e-03  -5.0757795e-03   2.4779787e-04  -4.9230980e-03   2.5608457e-03   5.1673562e-04   4.5232722e-03   5.3216274e-03  -3.5858518e-04  -6.3010574e-03  -3.9506800e-02   2.1222450e-02   1.1833190e-03  -1.4285005e-03   5.2256511e-03  -9.9468839e-03   1.2933570e-02  -1.6552525e-01   1.6413586e-01   3.5502477e-02   5.7833031e-02   1.6343892e-02  -9.2828626e-03
  -4.8455858e-05  -7.1713187e-03   7.0103063e-03   3.0302728e-03  -1.9157486e-03   1.1806682e-02  -3.2228964e-05  -3.7673016e-02   7.5341870e-02  -1.6908844e-02   5.4083600e-03   1.8605233e-02  -1.0185905e-01   4.4917523e-03  -1.8519478e-01   4.7779690e-01  -2.9548843e-01   3.2186171e-02   4.6415808e-03   2.4729360e-02  -1.2172407e-02   5.1227243e-02  -8.1222688e-03   2.3104794e-04  -7.2036426e-03  -9.7696900e-03   1.1553255e-03   1.0021974e-02   8.7276902e-03   6.2231412e-04  -6.8248254e-04  -3.7156794e-02  -6.0580584e-03  -3.5501470e-03
  -1.9883434e-03  -2.2063734e-02  -2.5015992e-03  -9.9403464e-03   2.8965971e-03  -6.3409991e-02   8.2606027e-04   3.8877106e-01  -1.0974382e-01  -8.5169065e-02   1.0400439e-02  -4.2605301e-02   2.2449030e-02  -1.8157246e-03   1.8006396e-02   3.5867718e-03   8.8608618e-04  -1.5959421e-02   3.3298419e-02  -1.7204551e-02   1.2164346e-02   4.7826763e-02  -4.1522026e-02   5.8360684e-04  -1.5300082e-03  -2.3819345e-02   1.3465767e-03   2.6656177e-02   1.2755519e-02   2.5327673e-03  -8.4643075e-03  -1.4127427e-01   1.3947483e-03   5.3117797e-03
  -1.8234741e-03  -1.9524841e-02   3.0195531e-03  -3.2759129e-02   2.0554176e-01  -2.0762029e-03   1.8484895e-03  -6.0587403e-02  -1.5206535e-02   1.0155706e-02  -6.9402994e-03   2.2124670e-02   5.8313786e-03  -8.4503581e-04   1.8532973e-03  -1.2950061e-02   9.5317455e-03  -8.4161494e-03   1.8364255e-03  -1.0494918e-03   3.0644625e-03   3.7515258e-02  -1.1425024e-02  -1.0617178e-03   2.4947627e-03  -1.2811646e-02   8.7521126e-04   2.8528796e-03   7.6141004e-03   5.3230630e-03  -4.3582701e-02  -9.2609426e-02  -6.2887317e-04   3.4459681e-03
   5.4465626e-03  -9.2282808e-02  -7.1754576e-04   2.0273863e-01  -2.7258166e-03  -4.7263062e-02  -1.9329374e-04  -4.7316895e-02   3.4664468e-02   5.2259019e-04   3.2957965e-03  -1.0061580e-02   1.1053711e-03   1.7771730e-03   5.1388144e-03  -6.0562763e-03   3.8369389e-04  -2.4939899e-03   1.7282864e-03  -4.0186350e-03   1.7446582e-03   1.3059494e-02   1.3075469e-03   6.7150086e-04   1.4780883e-03  -6.1191009e-03  -2.1027301e-04   3.7148603e-03  -2.2105627e-03   3.8660055e-04  -2.5272167e-02  -4.1065840e-02  -5.3717668e-04  -9.2432108e-04
  -8.5124547e-03  -6.2872028e-02   3.6290509e-02  -3.4670519e-02  -3.9865754e-03   1.9918585e-01  -1.2972137e-03  -3.8886067e-02   1.7387320e-03  -1.0415001e-01   7.4046285e-03   4.5077090e-02  -6.0795530e-03   1.3129098e-03   2.7137273e-04  -1.0208901e-02   9.7474525e-03  -3.3247076e-03   1.5095311e-04  -4.5828636e-03   1.6895361e-02  -7.2021925e-03  -6.1760361e-03   1.2176588e-03  -8.5798060e-04   1.1217888e-02   4.9698880e-03   1.6055927e-03  -2.2545545e-03  -4.5306233e-03  -7.5798740e-03   1.1971639e-02  -2.5629510e-02   7.5997491e-03
   1.4946649e-03   4.4222430e-03   3.6438171e-04   4.2870781e-03  -1.9279336e-04  -1.2548136e-02  -1.2505851e-03   2.2842565e-03   1.5631282e-03   1.6140887e-03   6.1805759e-03  -5.1626633e-04  -7.5250831e-03   2.3714347e-04  -3.2681227e-04   2.6438393e-03  -7.4708454e-03   4.8994302e-03   1.5545759e-02   8.7021065e-03  -6.2136383e-02   4.0079785e-02  -8.1912789e-02  -4.5750224e-03   2.2555225e-01   1.1124408e-02  -2.0396912e-02  -7.3392185e-02  -4.9503641e-03   3.3857442e-03   6.6606970e-03  -1.9495357e-02   2.0392198e-03  -2.1154387e-02
  -9.0782781e-03  -8.3161899e-02  -2.5825449e-03  -2.1439980e-03   1.2590613e-04   3.9668228e-03  -1.5239932e-03   8.3649461e-03  -2.6967406e-02   7.9543201e-03  -5.4009143e-03   8.8871680e-03  -5.1913875e-03   3.8545228e-03  -5.0061191e-03   2.3111596e-04   3.0504008e-03  -8.0559670e-04   3.3320133e-03   2.8690420e-03  -1.2425281e-02  -5.9633878e-03   1.9190968e-02  -9.5025665e-05   8.0859661e-03  -1.0690147e-04  -7.3358295e-03  -1.6074792e-01   1.9365705e-01   5.9385658e-03   7.5439806e-03   4.5995602e-02   8.4235306e-03  -6.2266725e-03
  -2.5367824e-03  -4.2422698e-02   5.4617427e-03  -2.1122431e-02  -3.7849926e-03   1.2140900e-02   1.0438933e-03  -1.6215065e-02   2.5070414e-02  -1.3414146e-02   2.7256058e-03   5.0260423e-03  -3.9247070e-03   2.0918233e-03  -3.1395913e-03  -5.6323290e-03   9.2860689e-03  -1.6836486e-02   2.2265168e-02  -1.8514679e-03  -1.2563005e-02   3.3456272e-02   4.1264359e-03   3.2957989e-04   8.4559201e-03  -1.0932081e-02   4.8123460e-03  -5.7139470e-02  -5.7713917e-02  -4.8128764e-03   2.2976984e-01  -9.3433663e-02  -6.0880123e-03   5.5495248e-03
   3.3210555e-05   8.2653622e-03   2.1039110e-04   4.0796174e-05  -2.9431331e-03   2.6635319e-03  -1.2224468e-03  -7.0671985e-03   1.8324359e-02   4.3836242e-03   2.6129067e-03  -2.0142196e-02  -2.6156989e-02   7.9372942e-03  -7.4386823e-03   2.0600037e-02   7.3653883e-03  -1.1221190e-01   2.9623176e-01  -3.1173671e-02  -1.0086070e-01  -1.1306905e-01   1.0388576e-02  -1.6078552e-04   6.7096943e-03  -1.4239660e-02   6.7536963e-03   4.4998799e-03   2.7946488e-03  -8.8996257e-04  -1.1828644e-02   4.2090104e-02  -2.4216283e-03  -2.3127467e-04
  -1.6530725e-03  -7.8019067e-03   6.6703613e-04   8.6853734e-04   3.7541761e-03  -2.3830540e-03   6.7375701e-04   8.0963677e-03  -2.7764264e-02  -5.7905717e-03  -1.6966967e-03   1.4174127e-02  -1.5058618e-03  -5.3406068e-03   4.2872010e-03  -3.3024971e-03   3.1497735e-03   4.3207567e-03  -1.0522216e-02   2.5432856e-03  -1.0171860e-02   7.7918242e-03   3.1168617e-02   8.1940854e-04   5.3538260e-03  -1.8216323e-01   1.4105945e-03   6.5129561e-02   9.2926008e-03  -1.9328056e-03   3.4835368e-02   6.8664796e-02   4.5396130e-04  -4.3153101e-03
