  -1.6836871e-01   6.3486038e-02   6.1296335e-02   1.9714065e-01   1.9084672e-01   2.5946102e-03  -1.4175829e-02   1.0171406e-01  -2.6083069e-01  -1.1283603e-02  -5.1186856e-03   3.3000197e-02  -6.4251301e-02   1.2258448e-01   3.7447995e-02  -6.5711883e-02  -3.8416337e-02  -7.1001948e-02   1.6323681e-01  -1.5406503e-01  -3.2136494e-02   1.2821422e-01   1.1253131e-01  -3.5540895e-02  -1.1174634e-02  -1.3142057e-01   4.0568776e-01   4.8732798e-02  -1.2449190e-01  -1.9485226e-03  -5.0512062e-01  -3.9787870e-01   1.5692246e-01   4.0820711e-01
  -6.4189322e-02   1.3211843e-02   4.5115645e-02   5.3876610e-02  -2.0535085e-02   7.3624107e-03   1.0532272e-02   8.0936192e-03   2.3208870e-02   1.7099402e-03   1.5704422e-02  -3.9111359e-02  -4.6134554e-02   5.9588795e-02  -1.6965596e-02   8.9715078e-04   1.1407995e-03  -8.7825388e-03  -3.4274294e-02   6.0829335e-02   2.4396541e-02   1.6001725e-02  -4.2249520e-02   2.0858512e-02  -1.0617010e-02  -1.9848349e-02  -1.1866435e-01   3.1497694e-03   6.0062948e-02   1.4212043e-02   1.7172954e-01   1.8169694e-02   1.0786407e-01  -2.4638496e-01
   3.1458257e-01   9.2926081e-02  -1.9366734e-02  -4.7404955e-02   1.0259215e-01  -4.0071701e-03  -2.4031507e-02   9.4807876e-02  -2.2907968e-01  -9.1401655e-03  -6.7187902e-02   2.3306170e-02  -4.3244086e-02   1.9352536e-01   2.7298332e-02  -8.0014863e-02   2.5731621e-02   8.5102991e-03   4.8428993e-02  -1.0387005e-02  -5.7178089e-02   1.7282985e-01   2.4188038e-02  -2.1977365e-02  -2.1510428e-02  -3.6816588e-02   1.9731349e-01  -9.9080259e-03  -3.7105357e-02   5.2034404e-03  -4.4465461e-01  -3.3476868e-01   1.4347569e-01   1.4103347e-01
  -9.7083949e-02  -1.2709477e-02   4.6715963e-03   8.6064708e-02  -7.1066597e-02   1.1023274e-03   3.0903601e-02  -8.5720820e-02   1.1793830e-01  -1.7640546e-02   6.2045083e-02  -8.5641172e-02   3.0651645e-02   5.2297136e-02  -4.9170177e-02   9.5268867e-02   1.7138874e-01  -4.4355486e-02  -4.7163290e-02   2.0393640e-01  -4.0703642e-02  -1.9001661e-01  -5.8259394e-02   1.4282010e-02  -2.8164437e-03   1.1680087e-01  -6.0721025e-02   3.5589312e-03  -9.4811317e-02  -1.5405703e-02   1.9082040e-01   4.2911291e-01   1.2748259e-01   1.7094180e-01
   1.8957209e-02  -2.7760663e-03  -3.0867001e-03  -6.2259755e-03   5.8340830e-02   1.1097588e-03  -5.0007959e-03   4.3751227e-02  -1.3209753e-01   6.4561095e-03  -2.6888411e-02   1.6588964e-02  -1.0568705e-01   2.7410183e-02   5.9716633e-02   1.5016292e-01   2.9139760e-01  -6.4356100e-03   1.6867428e-03  -1.5325320e-01   3.2564789e-02  -4.6212938e-02   3.4782313e-02  -3.4667092e-03  -2.7346551e-03  -2.7179828e-02   5.8507195e-02   4.4494947e-03  -8.0988624e-03  -2.9326707e-04  -3.8873539e-02  -1.6825675e-01  -2.4971961e-03  -8.1192427e-03
   5.3185146e-03  -2.3762365e-02   4.9320213e-02   1.5186982e-02   2.1894537e-01  -1.6998708e-01   8.4918653e-03  -4.5471072e-02  -7.5596591e-03   2.6602022e-03   2.8546324e-03  -5.7072496e-03   1.3032624e-03   8.2681599e-03   2.8163848e-04   3.6948804e-03  -1.8041380e-04   1.9221541e-03   8.0774374e-03  -4.3588924e-03   6.7098038e-03  -8.3221813e-03  -1.8859699e-03   6.8967231e-03   6.9720392e-03  -9.3017814e-03  -2.9449151e-02   2.6515426e-03   2.6321108e-03  -3.3278331e-03  -2.2519219e-02  -3.1464040e-02   4.2356727e-03  -4.4631856e-04
  -8.2398758e-03  -3.8509930e-03   9.4221451e-03  -4.8484465e-02  -1.4936484e-01   3.7397437e-02   1.5239440e-02   3.1485821e-01  -3.2768136e-02  -5.5647188e-02  -2.6227904e-02  -1.7095173e-02  -4.2078176e-03  -9.9211818e-03   5.1655038e-03   1.0365326e-02  -4.1518590e-03  -3.3019924e-03   2.5831593e-03   6.0679738e-03  -9.1484337e-03  -3.2125342e-03  -1.7111762e-02  -6.9135154e-04   2.6680316e-05   8.5463568e-03  -5.7774849e-04  -1.2574181e-03   2.3277285e-02   4.0817549e-03  -1.4011648e-02  -5.0852398e-03  -1.4231390e-02   5.8527223e-03
  -2.9062779e-02  -1.4692385e-02  -1.6927410e-02   1.1083325e-02  -4.6897974e-02  -6.2822869e-03  -4.8625432e-04   2.9054519e-02  -1.3705549e-02   7.5644527e-04   5.1442251e-03  -5.7586511e-04   7.4015382e-03   2.8415669e-02  -3.9555976e-03  -1.5522981e-02   1.1557005e-02   4.5296980e-03   7.6792415e-03  -1.7794087e-02  -7.3892055e-02   1.0289294e-02   2.0991352e-02  -1.5280091e-02  -3.0044855e-02   2.1331209e-02   4.5909158e-01   1.4572405e-01  -8.5308894e-02   3.9889054e-02  -2.2737784e-01  -1.1633694e-01   2.5376747e-02  -7.1441818e-02
   7.0860339e-03  -4.6921880e-03  -2.8764893e-02   4.1655359e-03  -2.0705880e-02  -9.9632609e-03   1.7339320e-01   7.7667356e-02  -6.8049527e-03  -9.5673251e-02  -1.1509126e-02   8.6910702e-03  -7.3594910e-03   1.5394490e-02  -4.7891325e-03  -3.6771001e-03  -5.5588659e-03   9.4759451e-03   2.1956939e-03  -4.6395037e-03  -3.7256771e-03   4.9168346e-03   2.0638783e-03  -6.5412845e-03   2.0587132e-03  -4.5545452e-03   1.7735233e-02  -2.7753047e-03  -1.1667066e-02   2.0563699e-03  -3.0389422e-02  -2.3593878e-02  -1.3686683e-02   4.6195570e-03
   7.2706254e-03   2.5248820e-02  -4.2647922e-03  -4.3134387e-03   1.1944715e-02   1.5447096e-03  -2.1174639e-03  -7.4558758e-03   5.6822302e-03  -4.8220550e-03  -2.2643151e-03   1.8646358e-03   2.4392471e-03  -2.7204499e-03  -9.6699894e-04   6.8971448e-03  -9.2510669e-04  -2.8777470e-03   3.5808829e-03  -3.9959196e-03   1.6273017e-02  -1.4905029e-02   2.3834641e-03  -2.6607052e-02   2.9693060e-02   9.3088698e-04  -2.1444297e-01   1.4385014e-01   1.5124511e-02  -2.5252841e-02   5.3021220e-02   2.6518482e-02   2.0946617e-03  -1.5960317e-02
  -4.2259831e-03  -5.3187789e-03   6.1960451e-03  -8.4429276e-04   2.8467697e-03   9.6004486e-04   2.3239533e-03   1.0804985e-04   4.0667910e-03   1.9715627e-03   1.7776895e-03  -2.6558884e-03   1.8368138e-03  -7.7625036e-03  -1.4295582e-03   2.4616761e-03  -9.7689966e-03  -4.9596419e-03   1.8885167e-04   2.6772351e-02   1.1038509e-01  -2.0684937e-02  -2.5690651e-02  -1.6599686e-01   1.1739492e-02   1.1467272e-03  -1.0913965e-02   2.8258316e-02   7.8197299e-03  -1.6422275e-03   1.2796784e-02   9.1361540e-03  -3.0935294e-03   6.3352489e-03
  -3.1665461e-02   1.1529997e-01  -3.7202907e-02   5.1940072e-02  -7.5367130e-01  -3.7525365e-02   3.1549874e-03   1.1785061e-01   5.3787213e-02   4.3387246e-03   1.6474550e-02   3.9054275e-03   6.5438845e-03  -5.5974196e-02   1.5673646e-02   2.7448564e-02  -1.8005876e-02  -1.9189395e-02  -5.3247054e-03   1.9444692e-02   6.3348340e-03  -3.3489901e-02  -2.1008313e-02   1.9517431e-03  -8.5555650e-04   5.2425424e-02  -8.5840343e-02  -3.4503926e-03   4.7068245e-02   5.3185282e-04   2.5109658e-01   2.9316204e-01   2.3680550e-02  -1.3416961e-02
  -1.0678133e-01  -6.8685382e-02   2.1575163e-03   4.6188686e-03  -1.2383582e-01  -3.6480518e-03   9.7452857e-04   1.5888674e-02   1.0641551e-01  -4.9511896e-03  -8.5122260e-04   9.2902885e-03  -2.4121007e-02  -3.6344000e-03  -1.1335580e-02   1.2869326e-03   1.7852943e-02   7.1992617e-03   1.0970999e-03  -2.1597979e-02   1.5628102e-02   6.5024627e-02   1.0166602e-02   3.7015821e-03  -1.0782608e-02  -4.3335274e-02  -1.3601432e-01  -1.5423875e-02   9.3000199e-02   1.2336019e-02   6.3985020e-01  -4.1395163e-01   1.5674808e-02   5.9208357e-03
   1.0333390e-01  -1.2465335e-02   6.1463368e-03   3.0309640e-02  -4.8350768e-02  -3.7655104e-03  -1.6875036e-03   7.0229148e-03   5.9988103e-03  -2.6289766e-03   5.3619111e-04  -7.5101361e-03  -4.2586849e-03   1.6237778e-03  -1.9898283e-03   5.8926674e-03  -1.0798893e-04  -3.5344374e-03  -1.0329698e-02   8.6738926e-03   1.5279040e-03  -8.7562496e-03   1.4987766e-03  -1.7336815e-03   2.3985329e-03  -1.3381369e-02   4.7340690e-02   1.6075684e-02   4.0303756e-02  -1.5896609e-01  -1.0120438e-02   1.3586905e-02  -8.9764233e-03   2.1557784e-02
   3.8725032e-02   6.5997961e-02  -1.8799979e-01   1.2977459e-01  -8.6892982e-02   3.7840804e-03   2.0691526e-02  -2.0863776e-02   1.5832311e-02   1.9040287e-02  -2.4541207e-03  -4.4501499e-03  -4.8329771e-03   1.6908289e-03  -3.5922274e-03   1.1391082e-03  -8.8765265e-03  -1.0829497e-03  -3.3902429e-03  -5.7760597e-04   3.2898410e-03   1.0085050e-02  -1.8635392e-04   4.2486643e-03   1.4001751e-03  -8.5282454e-03   8.9570818e-05   7.5858879e-03  -4.2764618e-02  -9.2805168e-03   1.9239903e-02   2.1746250e-03   3.4411271e-02  -2.3634930e-02
   3.5995590e-03   1.7340552e-02  -4.7241307e-03  -4.3319381e-03   3.1412673e-03  -2.7438712e-04  -5.6734321e-03   6.3107142e-03  -2.6933856e-02  -3.0780292e-03  -1.0656597e-02  -6.3454182e-03  -6.9948160e-03   2.6301441e-02   1.1345692e-02  -7.3738211e-03   9.3077303e-03  -1.6726957e-02  -1.3497079e-02  -1.6654466e-01   3.4464713e-01  -8.6622811e-02  -1.1200407e-02   9.2002139e-02   9.5310037e-03  -4.6711624e-04  -6.4798579e-02  -1.9115119e-02   5.2219453e-03  -1.1786071e-03  -1.2391361e-02  -1.3362886e-02   2.6486518e-03  -1.6792507e-02
  -7.1573907e-02  -1.4596988e-02   4.5943902e-02   4.3301320e-01  -3.1929352e-01  -2.1105121e-02  -8.2044872e-03   2.2812400e-02   5.1315170e-02  -1.8833822e-02  -1.6786603e-02  -1.4817094e-02  -3.0372900e-02   7.8521951e-03  -7.0971885e-03   2.1904819e-02  -1.6528852e-02   7.7483367e-03  -1.0628522e-02   1.1528870e-03   6.1109204e-03   1.3434638e-02  -4.4397193e-03   1.9396262e-03  -2.1817456e-03   2.4658838e-03   4.7273919e-02   6.9234372e-05  -4.4487336e-02   1.9113797e-03  -9.9339281e-02   3.6964712e-02  -2.9593216e-02   1.3600397e-02
   1.7397477e-02  -3.7377214e-02   1.4917089e-03   1.3793542e-02  -2.9293343e-02  -5.3176999e-03   2.0066357e-02  -2.4606839e-02  -2.6083173e-02  -1.5219940e-02  -7.7317666e-02   3.0944222e-01  -3.9246234e-02   5.1104580e-02  -1.9773074e-02  -5.2064383e-02  -6.1183162e-03  -1.9820576e-03  -7.1905567e-03  -1.0764332e-02  -4.6658624e-03  -2.2539251e-02   8.6249986e-03  -6.4382543e-03   1.2447293e-03  -4.0794972e-03   1.3908192e-02  -5.0814713e-04  -2.7017611e-02  -3.5502193e-03   5.4754272e-02  -7.1551061e-02  -5.1823298e-03   7.0518240e-03
   3.7288660e-03  -1.1045481e-02   6.2893833e-03  -3.2742217e-03   1.5187448e-03  -6.6590614e-04   1.1216514e-04   4.2281255e-05   3.4877949e-03   1.1593687e-03   2.7651693e-03  -3.6947508e-04  -2.4337610e-03  -7.9521585e-03  -2.8565616e-04   1.6066127e-03  -7.6994136e-04  -3.3544187e-03  -1.4671113e-03  -5.3710990e-03   2.5664889e-02   8.3885495e-03   2.7805882e-02   3.7696553e-02  -1.8079612e-01   1.4511811e-02   5.4575179e-02   2.6116932e-02  -8.2968165e-03  -1.2954463e-03   4.0112064e-03  -1.8793164e-03  -2.9676475e-03   7.3701010e-03
  -3.4658234e-03   1.1335493e-02  -1.4417661e-03  -7.3087124e-03   3.0829623e-02  -1.6700921e-04  -1.1066306e-03   2.5523090e-04   2.1311401e-02  -4.6771208e-04   4.5225451e-03   1.0383833e-02   2.0472063e-02  -3.9587825e-02  -7.0000961e-03   8.4395394e-05  -1.3131526e-01  -1.9327124e-02  -1.3436879e-02   3.4233230e-01  -7.3582397e-02  -3.0812757e-02   2.5686038e-02   6.0126552e-03  -9.7910149e-03  -2.7900518e-02   1.8262833e-02  -6.1481188e-03   1.1386174e-02   5.8911530e-03  -4.4348833e-02  -5.6438256e-02   5.0490508e-03  -3.4852072e-03
  -1.3857972e-03  -1.5679989e-02  -9.2165072e-03   8.1740538e-03  -2.1290859e-02  -1.2108777e-02   5.3383145e-02   1.7416576e-02  -7.3004424e-02   2.1841010e-01  -2.6891448e-02  -7.0658114e-02   5.5084610e-03  -4.5829749e-02  -3.4820694e-03   1.3414356e-02   2.6005536e-03   8.9299551e-03   6.8522626e-03   3.1858521e-03  -2.6854274e-02   3.2549553e-02  -1.6528998e-03  -6.9285309e-03  -1.6956240e-03   1.9989378e-03   2.2448286e-03  -2.8729284e-03   9.2152815e-03   2.6688464e-03  -2.4088775e-02   7.6452230e-04  -1.1261353e-02   6.7559821e-03
   1.6078428e-03  -1.2600933e-02   5.9346393e-04   1.5335055e-02   1.0285165e-02  -6.1468699e-04  -5.3495210e-03   2.3071705e-02  -6.0443779e-02   1.7061443e-04  -9.0305914e-04  -2.9600438e-02  -4.2939927e-02   2.7877112e-02   1.2306059e-02   7.3978770e-03  -5.2084561e-02  -1.0411315e-02  -1.1987824e-02  -1.5063601e-02  -5.4284871e-02   5.3696586e-01  -6.4824604e-02  -3.3189865e-03   3.8937585e-04  -2.7470651e-02  -4.3824983e-03  -2.6212837e-04   1.5226990e-02  -2.2132658e-03   1.3103270e-02  -2.5606557e-01   3.7992716e-03   5.3624099e-04
  -4.9704647e-03   6.4807582e-03   1.2331442e-03   5.1864113e-03  -8.0263155e-03  -1.5833277e-04  -2.2107284e-03   4.7338323e-03  -3.1704524e-02  -1.1328057e-03   2.6279315e-03   1.2534519e-02  -4.9604334e-03  -2.4021404e-02  -3.1744320e-04   7.4731857e-03  -2.9461033e-02  -2.6350574e-02   2.6199376e-01  -3.0943620e-02  -3.8950291e-02  -1.0798991e-01  -4.7893484e-03  -2.8277697e-03  -2.2935026e-03  -1.9601748e-02   3.5859651e-03  -2.2171675e-03  -3.8299567e-03  -3.1779432e-03   3.0388704e-02   1.4113901e-02  -8.7781318e-04  -7.3995650e-04
   1.2079769e-01  -3.3781469e-01  -1.5840409e-03   8.1616570e-02  -2.9398127e-02   2.5612689e-03  -7.0749781e-04  -1.0088634e-02   6.9484238e-02  -6.9796932e-04   3.7312115e-03  -3.4464045e-02  -1.5395754e-02   5.6752622e-03   4.5719210e-04   6.1985765e-03  -8.7075609e-03  -8.9924681e-03   1.1700606e-02   1.1498958e-02  -2.3322404e-03  -3.2370127e-02   2.1315173e-03  -1.9628282e-04   1.5667850e-03  -1.1683974e-03  -1.1551866e-02   1.7536840e-03   2.3040704e-03   1.0121299e-02   1.3489074e-01   1.9972687e-02   4.1695085e-03  -8.6033471e-03
  -2.7664573e-03   2.5347921e-03   1.7211323e-03   7.8422341e-03  -8.5913661e-04  -2.5778253e-04   1.3406841e-03  -9.8469613e-03   4.7755474e-02  -9.3421750e-05  -3.4096953e-03   2.9720627e-02   3.2541504e-02  -1.8165433e-01   2.0152789e-01  -8.2792412e-02  -1.8072923e-02   2.3927115e-03   3.2360684e-03   9.0275293e-03  -1.1203568e-03  -1.7445126e-02   8.1434204e-03  -1.5551087e-05   1.6780993e-03  -3.8905952e-03   4.5501067e-03   1.6411740e-03  -1.4009499e-02  -1.9761852e-03   1.2770220e-02  -1.5155667e-02  -4.6511184e-04   3.1246274e-03
  -4.0864433e-02  -4.6013123e-02   2.3802029e-03   5.1306494e-02   4.8567485e-02   1.4766017e-03   2.5265391e-03  -1.7126528e-02   1.8959417e-02  -6.2097596e-03  -3.6163613e-03   2.5337075e-02   5.1046203e-03  -3.7283628e-02   9.6992330e-03   9.2635601e-03   1.8462472e-03   2.1091835e-03   3.9273281e-03  -7.6432095e-03  -3.6196559e-03  -1.7539595e-02   5.4983723e-03   1.7623583e-03  -7.2650689e-03   2.6040297e-02  -6.7598651e-02  -7.6844756e-03   1.9026251e-01   2.5143724e-02  -1.7512225e-01   2.1598325e-02   7.2043242e-03  -7.4920971e-03
  -7.0948595e-04   7.2252374e-03   1.0854433e-03  -1.7271664e-03   9.2503064e-03   1.4140478e-03   1.2590593e-02  -1.1786078e-02   1.4410117e-02   4.3272615e-02  -2.3763665e-01   2.3195393e-02   2.0618897e-03   7.6554328e-02   2.3579908e-02   2.2942012e-02  -1.2557811e-02  -1.0162034e-02  -4.0058014e-03   1.4423893e-02   8.1954027e-03  -3.1404029e-02   2.1877703e-03   1.9733383e-03   8.7935672e-04   5.6952978e-03  -1.5308964e-04   7.6181663e-04  -5.9453041e-03  -2.4519960e-03   1.1547888e-02  -3.3789253e-03   4.4020160e-03  -1.0819538e-03
   5.9422415e-03  -8.4541395e-03  -1.4118193e-03  -7.4974290e-03   4.9893309e-03   4.0637944e-04  -2.1178182e-04   2.1778944e-03  -5.1246514e-03   5.4649066e-04   5.5541605e-03   7.6365944e-03  -3.5228582e-02  -2.6854088e-02   3.5154669e-05   9.3140267e-03  -1.0640048e-01   2.0771032e-01  -7.2711407e-03  -1.5534866e-02  -5.3696759e-03  -5.3900957e-02   1.1399807e-02  -2.4944840e-04  -5.9156577e-05  -7.8434227e-03   4.0648121e-03   1.5859901e-03  -5.4182902e-03  -1.4919403e-03   1.4754043e-02   9.4484997e-03   2.3055402e-03   1.9215421e-03
  -6.0085107e-03  -4.3252935e-03   2.3182188e-04   1.4052713e-03  -4.8600603e-03  -3.9440484e-04  -4.5452554e-05  -3.8813460e-03   5.2524117e-03   1.3989035e-04   3.2253862e-03  -4.6052788e-04   4.8837628e-03  -9.9976322e-03   3.0460931e-03  -4.3287499e-03  -2.0945950e-03   3.9737785e-03   4.2949410e-03  -1.6138584e-02   1.0996901e-01   4.6715331e-02  -2.6652028e-01   7.8412547e-03  -1.7052816e-02   1.9838323e-02   1.1656931e-01  -1.0510057e-02  -9.7179000e-03   8.0454150e-03  -3.1502230e-02   4.8982815e-02   6.2961609e-05  -1.6869597e-04
  -7.4792641e-03   7.6418208e-03  -1.1590351e-03  -4.9149867e-03  -8.8492854e-04   1.6315074e-04  -9.9937675e-04   7.2682475e-03  -2.4619714e-02   3.9117553e-03  -2.2036925e-02  -1.1423064e-01  -1.4377733e-02   3.0128669e-01   1.8273232e-03  -5.2446845e-02  -6.4847710e-02  -1.0383764e-02  -5.7685262e-04   6.8200450e-03   1.1926730e-02  -6.7746060e-02   1.4092848e-02   8.8336734e-04  -2.0691389e-03  -2.2205099e-02   1.5972987e-03  -1.0964548e-03   1.9188320e-02   2.2072017e-03  -6.0127214e-04   2.9608300e-02   1.1613903e-03  -4.8684929e-04
  -1.3380212e-02   2.9363528e-03  -1.5676755e-04  -2.5279796e-03   1.1113168e-03   5.8228556e-04   1.1412016e-03  -8.0843669e-03   3.3012812e-04  -3.6543136e-04   3.8845183e-03   8.6402884e-03  -7.8303811e-03  -3.1424954e-02   7.2908572e-04   1.1185855e-02   1.1469456e-02  -3.6180552e-03  -1.3717734e-02  -6.5359985e-03   6.0123183e-03  -6.5620501e-03   3.2309901e-02   1.5259071e-03  -5.9888408e-03  -2.1631682e-01   7.8662446e-02   7.2348750e-04   3.0660698e-03   6.4613889e-03   2.1435711e-02   1.3522135e-01   2.3940697e-03  -3.0872641e-04
   5.1206397e-03  -1.9493188e-02   1.5050347e-03   1.2280277e-02  -1.0518672e-03  -3.7298058e-04  -1.3692428e-03   1.2851517e-02  -7.0316297e-02  -2.3977508e-04   2.3429747e-03  -1.2783271e-03   2.3295924e-01  -2.6599205e-02  -4.8336159e-03  -2.5528297e-02   1.7870547e-02   2.6694893e-03  -1.9279499e-02  -1.2687460e-02   6.5713766e-03  -7.3591788e-02   1.4465310e-02  -1.5486981e-04  -1.5604910e-03  -1.2303697e-02   7.6642752e-03  -1.1508484e-03  -4.9697818e-03  -2.2344383e-04   3.7325953e-02  -7.8174603e-02  -6.2025667e-04  -2.1308908e-03
   1.9472184e-04   7.7132940e-03  -9.9667852e-04  -1.0306483e-02   1.5849702e-02   3.6663124e-04  -3.6886198e-04  -2.3541466e-03  -1.1243189e-02  -1.2752312e-03  -8.0975079e-04   1.0694597e-02   3.7302721e-02  -5.5058545e-02   3.1140229e-03   1.9745029e-01  -1.8216681e-01  -1.2337516e-02   8.8712547e-04   2.5313472e-02   3.1621490e-03  -1.5707803e-02   2.1462507e-03   1.1790900e-03  -3.0753851e-04   2.4998705e-03   3.1696832e-03   7.4933294e-04  -8.1248412e-03  -6.2755415e-04   2.5727440e-03  -4.1518388e-03   6.1223324e-04   9.5255942e-04
  -2.6782143e-03   3.2256074e-02  -1.2417266e-03  -1.6145866e-02   1.4283961e-02  -1.4617579e-03   3.2530598e-03  -4.0289149e-02   2.9224402e-01  -5.1468513e-03   7.5645742e-03  -6.2552925e-02   1.1300272e-02  -3.9977860e-02  -7.4753790e-03   1.7220845e-02   2.7200917e-03  -2.2057738e-03   4.6558186e-03  -1.1892565e-02   4.2666300e-03  -3.0031789e-02   1.4070607e-02  -3.2701018e-04  -2.1436605e-04  -9.7028636e-03   2.5287760e-02   6.9137364e-04  -9.4003869e-03  -1.8733039e-03  -3.0013251e-02  -1.5404534e-01  -1.2578954e-03   4.1168770e-04
