   3.4479224e-01  -7.2162694e-02  -3.3920258e-02  -1.0647932e-02   2.6355403e-02  -4.0457849e-02  -1.3887902e-01   8.2500717e-02  -7.3737264e-02   5.8290583e-03   6.6507755e-02   2.3040430e-02  -2.5979986e-02   2.0299172e-02   2.0430107e-03   3.2540265e-02   3.1419440e-02   9.7670112e-03   2.9108203e-02  -5.4745614e-02  -1.4373289e-01   1.4051912e-02   1.6817335e-02  -4.6223536e-02   4.4925277e-02  -9.7353301e-02  -8.1320884e-02   5.6577435e-03   2.4880558e-02   1.3420335e-01  -3.1232623e-01   7.0841833e-02   1.3596347e-01   2.5088027e-01
   9.1941180e-02  -1.2687603e-02   5.4672914e-03   3.1733876e-02  -7.6870234e-02  -3.4797239e-03  -1.0161419e-01  -9.0957102e-03  -1.4185921e-02   1.9055087e-02   2.7271409e-02   4.0076562e-03   3.1138829e-02  -4.9113717e-02   1.0353991e-01   5.1954087e-02  -1.3975873e-01   1.5771844e-02   3.3780581e-02  -8.7116260e-03  -8.4641800e-02  -7.8957437e-03   9.1828686e-03  -2.2707805e-02   2.3835438e-03  -3.0277318e-02   1.0259619e-02  -2.2178116e-03  -1.6077205e-02  -8.1694316e-04  -1.7169469e-01   1.0146697e-01   3.2420453e-01   1.1738659e-01
  -1.2389622e-01   8.4331628e-02  -4.1037710e-03   3.8215357e-02  -3.0123898e-02  -8.6710526e-02   1.9037158e-01   1.3554565e-01  -1.7917044e-01  -2.2823761e-02   3.0741513e-01   1.1252764e-01  -2.2773973e-02  -3.1897482e-01  -3.1115294e-01   4.8416278e-01   1.4197270e-01  -3.4568084e-01   2.1688468e-01   2.9243687e-01   2.4861373e-01  -6.0805227e-02   1.4173541e-01  -5.8894915e-03  -9.9802116e-02   2.2923520e-01  -3.2575123e-02  -1.4837329e-04   4.3658135e-02  -1.3513426e-01  -4.0682276e-02   2.9619519e-02   9.1327975e-02   8.9193051e-02
  -1.6398038e-01   1.4173350e-03  -1.3406898e-02   4.6029027e-02   4.1504583e-02  -2.4953867e-02  -6.2432288e-04   4.4286431e-02   5.4926162e-02  -1.7803065e-02  -1.5647438e-02   2.0933671e-02  -1.3476765e-02  -8.1857007e-02   7.5463196e-02   7.7327303e-02  -8.2425900e-02   5.0574347e-02   2.2367047e-02  -7.7535304e-02  -1.0250107e-01   2.2980577e-02  -1.0491553e-02  -5.8341248e-04   5.0502190e-02  -5.5689232e-03   2.3668320e-02   4.1873475e-02   8.6866528e-03  -8.1400013e-02  -4.0574448e-03  -4.6997842e-02  -5.2952760e-02   2.4168915e-01
   3.7890667e-02  -4.2318087e-02  -2.5964915e-03   8.4609249e-03   6.0140855e-02   4.2412119e-02  -7.3147274e-02  -1.5386069e-01  -7.9304058e-02  -4.1834370e-03   4.9521880e-01   4.4105064e-02  -2.7358051e-01  -7.2316792e-02   1.6305699e-01  -2.8296177e-01   1.4729087e-01   9.6615539e-02   9.4181230e-02  -5.4161895e-02  -6.3077036e-02   4.5056641e-02   4.6824407e-02  -1.8669134e-03   8.9664327e-04   7.7218821e-03  -3.7826447e-03   6.1155391e-03  -5.7261024e-03   1.8887010e-02  -1.1886456e-01   2.2732461e-02  -8.0575804e-03   1.4519871e-03
   9.8441734e-02  -5.8131708e-02  -7.5971828e-03   6.1404390e-02   4.1591433e-02   1.1730459e-02  -2.6386532e-02   5.8988404e-03  -4.3760806e-02  -2.1068608e-02  -3.2882879e-02  -1.0910311e-01  -4.1585817e-02   2.5465074e-01  -2.5857149e-01   2.2905060e-01  -1.2290759e-01  -1.2719531e-01   4.0565203e-02  -8.4969247e-02   5.2107529e-01   1.2937623e-02   1.5709445e-01  -3.1488661e-02  -3.6973813e-02   1.9450198e-02  -3.9455582e-02   1.0662328e-02   3.5294478e-03   7.6966564e-03  -2.5665457e-01  -1.8068705e-01  -6.8629106e-03  -3.9742695e-02
  -1.9427965e-02   5.8941725e-02  -9.3325289e-03  -2.5467897e-03  -5.8580951e-02   3.4142468e-02   3.8622117e-02  -8.9028994e-02  -7.7511459e-03  -3.5102318e-03  -2.6467486e-01  -6.4065622e-02   4.4148165e-02   4.3544491e-01  -7.8418602e-02   1.3824210e-01  -5.9653992e-02  -1.3474809e-02   8.4881989e-02   5.6169011e-02  -1.1744733e-02   2.6205123e-02  -2.3503431e-01  -6.4234819e-03   5.2364362e-02  -9.8409709e-02   4.4054041e-02  -7.6203058e-03   2.9557827e-02   1.1941847e-02  -6.3404190e-02   8.0999396e-02   2.9749452e-03   8.8996977e-03
   3.3526734e-02  -6.0095044e-02  -2.4143219e-03  -1.0102538e-02   3.6804144e-03   1.2580842e-05   9.5042171e-03   4.6207585e-02  -7.0403537e-03   5.0614244e-02  -2.1250833e-02  -1.8331249e-02   3.8604611e-02  -3.3883431e-01  -1.3434847e-01   4.2999181e-02   2.5303916e-01   2.6824740e-01  -4.2978211e-02   4.8347039e-03  -9.5749923e-02   4.4984575e-03  -7.8367762e-02   1.0144874e-03   1.5631388e-02   3.2967469e-02   3.8011326e-03  -5.1617146e-03  -1.0506559e-02  -2.5665531e-04   5.0187005e-02  -1.8698066e-02   2.4566009e-03  -1.1104691e-03
   1.4582351e-02   2.6623091e-02   5.7799538e-03   8.4483588e-03  -2.6159619e-02  -1.2456774e-02  -3.2445429e-03   4.7868939e-03  -1.1123335e-02   5.3644025e-03  -1.5070754e-02  -1.0037031e-03  -1.5655702e-03   1.8438605e-02  -1.5805035e-03   4.5375638e-03  -2.5742810e-03  -2.6981402e-02   2.2123559e-02  -2.9757064e-03   3.8579211e-02  -1.5043017e-02   5.5878488e-02   8.6450755e-03   8.2051953e-03   2.3869904e-02  -6.3767637e-03  -2.0710171e-01  -8.9427877e-03   2.0982107e-02   4.2946415e-02  -2.8775949e-02  -5.2518684e-03   5.3023625e-02
  -1.4893763e-02   5.5963600e-02   1.1286577e-04  -1.9180280e-02  -2.4760084e-02  -3.3828266e-03   1.5339568e-02   5.5053930e-02  -2.3952007e-03  -2.2863408e-02  -1.0707502e-01   6.0912196e-02   1.5810604e-02   3.1713335e-02   1.3082050e-01  -2.9437684e-02  -1.2261698e-01  -1.8624784e-01  -6.4803492e-02   5.2552685e-01  -2.4421740e-01  -2.0245547e-02   6.7767777e-02   2.2937460e-03  -2.8909537e-03  -1.2484089e-02   2.7777765e-02  -5.1148939e-03   1.2278747e-02  -1.7231833e-03  -3.0846328e-02  -2.8031462e-02  -2.5265247e-03  -8.1376457e-03
  -4.8665062e-02  -2.4903525e-02   1.8608713e-01  -4.7752545e-02  -1.3137279e-03   5.5817825e-02  -6.9002718e-02  -6.2637924e-02   2.0110382e-02  -1.4183139e-03   2.0833664e-03   8.0342605e-03   5.8834574e-03   1.8256083e-04   1.8796462e-02  -3.3548176e-02  -3.1558171e-03   7.8141797e-03   1.6097549e-02   1.2006464e-02  -2.2472194e-02   2.0610810e-02  -1.9634967e-02   4.7661684e-03   5.8782966e-03   1.8439516e-02   1.1398530e-02   2.5282949e-03   5.3837990e-03  -1.3836958e-02  -1.1425505e-02  -1.6935797e-02  -1.5131766e-02   1.0210918e-02
   1.4091764e-02  -3.5924915e-02   2.3588272e-03   2.2242916e-02  -1.8709054e-02  -5.5073346e-02   6.6109523e-02   3.2175243e-01   4.6591047e-02   1.3744098e-02  -7.1470345e-02   2.4821301e-02  -5.4445523e-02  -2.3043481e-02  -7.2056552e-02   5.4166747e-03   3.0545906e-02   2.1248658e-02   1.8861409e-02   4.0547319e-03   1.4931521e-02  -1.5866093e-03  -1.0429178e-01  -5.3882087e-03   4.2752666e-02  -1.7616194e-02  -1.0953278e-02   4.9263695e-03  -6.9710688e-03   1.5529114e-02  -1.1541547e-01  -6.7076027e-02  -9.5498283e-03   1.2991122e-03
   1.4758717e-02   1.1104281e-02   3.6914643e-02  -1.6446100e-02   1.2565644e-02  -2.6607527e-01   1.0914468e-01   5.0841470e-02   7.3844057e-03   1.8648308e-02  -5.6560956e-03  -5.2410949e-04   9.8623331e-04  -8.2204165e-05  -1.4018523e-02  -2.2676730e-03   5.8074495e-03   1.7654748e-03  -9.2610841e-03  -6.5370837e-03  -7.0742404e-05  -8.4821428e-03   6.8438040e-03  -5.8006586e-04  -3.1263158e-03   1.4167638e-02   4.5733902e-03  -1.8434455e-03   3.3814839e-03  -3.6947327e-03   1.2526667e-02   1.5392966e-02   2.7866782e-03  -2.6270671e-03
  -6.7057569e-03   1.0703264e-02  -4.2034093e-03  -2.6486141e-02   3.5397194e-02   8.6017594e-03   7.7446555e-03  -2.0593333e-02   2.9792805e-02  -1.0770875e-02   4.8507094e-02  -2.6238545e-02  -4.2002920e-02  -6.3370015e-02   1.1962697e-01  -9.6538539e-02  -3.6968260e-01   3.7093180e-01  -2.3839266e-02   5.9650429e-02   2.3584202e-02   2.2556963e-02  -5.7518074e-02  -7.8795572e-03   1.0305464e-02  -5.8990969e-02   1.2973297e-02  -1.8657470e-03  -1.1422537e-02   4.2195545e-04   3.8826784e-02   3.0402635e-03   2.6740368e-03   1.3545261e-03
  -8.8349419e-03  -3.0811424e-03   2.6571654e-03   3.9200339e-03   2.3106346e-03  -8.0525044e-04   6.3976391e-03  -6.9011714e-03   7.9079099e-03  -1.7801891e-03  -6.4799509e-03  -5.0158649e-03   1.3456157e-03   5.5616049e-03  -1.5446526e-02   1.5250327e-02   1.3482874e-03  -2.5984854e-02   2.8261100e-03   7.0505498e-03   9.5772606e-02  -5.1962184e-03   6.1859733e-02   4.6988229e-03  -2.6502978e-01   1.7190866e-02  -1.8375967e-04   4.3852804e-02   7.8133568e-03   1.4379682e-04   4.6547725e-02  -6.2308948e-03  -1.8506908e-03   1.1990273e-02
   5.5021063e-03   1.3349340e-02  -5.0634727e-03  -7.7728776e-03   1.6159521e-02  -5.8579938e-03  -1.2674980e-02   7.5401355e-03  -1.2539153e-03  -3.7466305e-03   2.2487754e-02  -8.7459170e-03   6.2195203e-03  -5.7178565e-03   9.2225504e-03  -6.9095874e-03   6.6012565e-03   2.7007963e-02  -1.1957405e-02  -5.4399046e-02  -8.5405766e-02   1.6688144e-02  -4.9016979e-02   1.8025057e-01   1.3914743e-02  -1.9677454e-02  -1.1338280e-03  -1.2372040e-02   3.4363406e-03  -2.2904669e-03  -7.0224507e-03   3.9786946e-03   9.7803065e-04  -1.2962073e-02
  -2.6441691e-02   1.4916608e-01  -4.7873228e-03  -9.4230426e-02  -5.2008581e-03   2.0069671e-02   3.5810389e-03  -7.3243970e-04  -4.9131318e-02   1.7443737e-02   4.2947356e-02   6.0625615e-02   6.6360815e-02  -1.3590669e-01  -1.8994023e-01   4.7044658e-01  -2.3447141e-01   4.3029709e-03   2.5317187e-02  -1.4466105e-02   6.6637340e-02  -5.1135856e-03  -1.1077663e-01  -3.4187748e-03   2.4940792e-02   4.3269333e-03   9.2749457e-05   3.5442536e-03  -7.3597062e-03  -2.3929490e-02   3.3945705e-02  -5.9591702e-02  -6.2303004e-03   2.1333926e-03
  -1.7308423e-02  -8.7682848e-04  -1.6960736e-02   3.6377062e-04   2.4768840e-02   6.2451039e-02   2.0591736e-01  -1.6836208e-01  -2.9884708e-02  -2.2258508e-02  -5.1139916e-02  -4.3611290e-02   3.5839514e-02   6.2164127e-02   2.6967625e-02  -6.7245439e-02   3.6401877e-02   5.6556946e-03  -3.3500106e-03  -8.8942736e-03  -3.4491778e-02   4.6646607e-03   3.7417853e-02  -2.1897413e-03  -4.1721804e-03   2.4826530e-03   5.1137520e-03  -9.6498631e-04  -1.6123292e-03  -4.9375922e-03   5.5954544e-03  -1.2927562e-02  -9.0486286e-03   8.2890378e-03
  -1.5862649e-03   2.1181206e-02   1.3811554e-03  -3.4943853e-02   4.2416006e-03   2.8520303e-03  -6.3509401e-03   1.2415240e-02  -4.6052583e-02   1.3599506e-02  -7.3453476e-04  -4.1219566e-03  -3.1990586e-02  -9.6692473e-03   2.6198669e-02  -9.0385838e-02   3.6252828e-02  -1.0266192e-01   2.9853995e-01  -2.9920312e-02  -4.3555047e-02  -1.4127744e-02  -9.4960672e-02   9.9002767e-04   2.1235675e-02  -4.9800851e-02  -1.5655082e-03   1.9419485e-03   2.9392484e-03  -9.9588134e-03   5.3095471e-02   4.6405403e-02  -2.7991439e-03   1.5432089e-03
   1.6181835e-02  -4.3733995e-04  -4.8099534e-03   1.2119282e-02  -2.0943166e-02   1.5229317e-02  -1.3654317e-02  -7.3174559e-02  -1.0783766e-02   7.9774644e-03   8.5112475e-02   4.0516834e-02   2.6868934e-01  -1.3661130e-01  -4.1825930e-02  -8.4206828e-02   6.7758977e-02  -5.6420145e-02  -2.7056743e-02   1.1715416e-02   1.2502304e-02  -5.0954857e-02  -2.5007205e-02   4.7606597e-04   1.2821508e-02  -3.7377174e-02   9.8439995e-03   2.5446807e-03  -1.2655758e-02  -1.4603597e-03  -2.8764575e-02   5.6372542e-02  -6.2626458e-04   2.0172780e-04
   1.0912029e-02  -4.1664233e-03   1.2651516e-04   1.6959064e-02  -3.4459255e-02   6.7318748e-03   7.5096989e-03  -2.0954125e-02  -8.0356784e-02   1.0442910e-02   4.0160977e-03  -7.6006900e-03  -9.1723360e-02   5.8104040e-02  -1.0404221e-01   1.2139617e-01  -5.2193672e-02   4.1166147e-02  -1.8975923e-02   1.3437827e-02  -5.7719055e-02  -4.2318807e-03   4.0106630e-02   3.2635679e-03   7.1769317e-03  -8.9475782e-02  -1.5126644e-02   2.8924781e-03   1.6634585e-02  -4.2948358e-03  -4.9693651e-02   2.6961013e-01  -1.9130087e-03   9.4775576e-04
  -9.6028821e-03  -6.0880803e-03  -4.2425733e-04   2.5972723e-01   5.8262303e-03  -1.0905482e-01   7.5651452e-03  -2.8511773e-02   1.4697533e-02  -6.5202598e-03   2.2603667e-02  -5.0871473e-03  -4.9093642e-03   2.0075288e-03  -7.8192767e-03   1.6691279e-04  -2.8460524e-02   2.1050941e-02   1.6232207e-02   6.4664272e-03  -2.0517216e-03   7.7998011e-03  -2.3675889e-02  -1.1842714e-03   1.5821320e-02  -1.5528501e-02  -4.8412972e-03   5.2013409e-03  -5.5179349e-03  -1.3593486e-02  -1.0113244e-01  -1.7293041e-02  -2.8604257e-03   3.6245827e-03
  -1.1561294e-02   1.0991434e-02   2.9932583e-04   2.7803034e-02  -4.8015931e-03  -6.0054793e-03   3.4619748e-03   4.6524594e-03   1.9106418e-03  -2.2633326e-03  -3.8932216e-02   4.0385356e-02   3.6845491e-02  -2.2344305e-01   2.2210603e-01   2.7563055e-02  -6.5469619e-02   5.1190268e-03   4.2785115e-02  -2.9823639e-02  -6.6381202e-02   1.6640279e-02   1.2962043e-01   4.1336643e-03  -1.7916726e-02  -6.8318526e-02   3.0443269e-03   1.5555000e-03   1.4269299e-02   1.3474069e-02  -5.9727388e-02   5.8300547e-03  -1.2172213e-03  -4.5205800e-03
  -1.1918737e-01  -3.1730597e-02   6.2566893e-03   8.6942143e-02  -1.5169257e-03  -1.4110567e-02   3.7247455e-03  -8.5107859e-03  -3.1243483e-03   1.4580710e-03   1.3203239e-02   1.0942395e-02   3.7417483e-03   7.5178129e-03  -6.0353590e-02   4.0212176e-02  -4.2440225e-03  -7.5079146e-03   8.8243069e-03   4.7032942e-03  -4.3859454e-03  -1.3048617e-02  -4.3202048e-03   7.3764695e-04  -5.1480812e-03   1.2667000e-02   3.2025552e-03  -1.4770790e-02  -1.8037328e-02   1.3483618e-01  -2.7808397e-02   9.4447429e-04   8.4174619e-03  -1.0749615e-02
   1.0368040e-02  -2.3057732e-03  -1.3958721e-03   4.3462798e-04  -6.7845773e-03   7.0693019e-03   8.3973845e-04   6.2205409e-03  -2.8067742e-03   9.0553672e-03   5.6362862e-04   1.5474902e-03  -1.0940432e-02  -5.2548953e-03  -1.5340422e-02   1.1634090e-02   5.1140789e-04  -3.2379802e-03  -3.5855720e-03   4.4286471e-04   1.6368754e-02   1.5116726e-02  -2.2492828e-02  -3.8753100e-06  -4.5336687e-02  -5.8477901e-02   2.2284536e-01  -1.9157448e-02  -4.6940844e-02  -7.4524942e-03  -7.7451972e-02   2.1601195e-02  -4.1515764e-04   2.0196135e-03
   1.4709541e-03   8.5989176e-03  -2.0332569e-03  -4.1193186e-04   1.6126984e-02  -3.4915491e-03  -3.4295421e-02  -8.1972110e-02  -3.4926615e-03   2.0010811e-01  -5.9248091e-02  -4.4530525e-02   1.0840713e-02  -3.1343786e-04   1.0427994e-02   6.2902226e-04  -7.0634046e-03   3.6518398e-03  -1.0797719e-02   1.0006885e-02  -8.2664865e-03  -3.2210956e-03   9.1645458e-03   7.6844226e-04   6.7936003e-04   3.8105000e-03  -5.8607195e-03   4.3843774e-03  -8.7799153e-06  -5.0549239e-03  -3.0725253e-03  -4.7872519e-03   7.3228424e-05   7.9104089e-04
  -1.5520550e-02  -3.7669853e-02   7.0451721e-04   8.7790160e-03   7.9524577e-03   5.2761936e-03   4.5068142e-04   6.3375323e-03   1.1641608e-03  -9.4537206e-04   6.4316219e-03   7.0347751e-03   1.1311464e-02  -1.2771545e-02  -1.8913270e-02   6.4633705e-04   1.0041062e-02   6.8286016e-03  -4.0564471e-03  -1.0751985e-02   8.5420562e-03   1.1025155e-02  -1.6907973e-02   1.2893938e-05  -1.0931750e-02  -2.1625714e-02  -1.2631216e-02  -1.9378621e-02   1.8480644e-01  -3.0070581e-02  -6.3681078e-02  -7.1240391e-03   2.6514212e-03  -1.7876118e-03
  -1.2104940e-02  -6.8609540e-03   1.2610194e-03   1.2983024e-02   9.8666940e-04  -4.9270034e-03   4.7957685e-03  -1.3141865e-02  -1.0099151e-02   5.7077667e-03  -3.6643629e-02   1.8385827e-02  -9.6106515e-03  -4.4776414e-02   1.3136038e-01  -6.1669017e-02   1.4248272e-02  -2.1733130e-02  -4.6582891e-02  -1.6970603e-03   1.3207808e-01   1.4980190e-02  -1.2295308e-01  -8.8537696e-03   2.1754071e-02  -3.6576578e-02  -3.9846107e-03  -2.9154582e-03   1.7088674e-04   1.2185628e-02   2.3754976e-02   6.9419476e-02   2.8632007e-04  -3.1407094e-03
  -4.4545028e-03   1.0775879e-02  -1.6694236e-03   7.5539677e-03  -1.3427227e-02   2.0637631e-03   3.5217708e-03  -5.9755680e-03  -2.9780283e-02   2.9365125e-03   8.8112019e-03   3.7731354e-03  -1.4394989e-02   8.1220977e-03  -2.7518726e-02  -1.0606021e-02   3.5815538e-02  -3.6378385e-02  -2.1900338e-02  -8.6102537e-04  -2.5802032e-02   1.8168445e-01  -3.1789080e-02  -1.2232766e-03   3.8156024e-03  -9.9506761e-03  -4.5157269e-03   2.3882120e-03  -4.8876948e-03   1.4564568e-03   2.7789538e-03  -3.6740252e-02  -6.8161877e-04   2.6266187e-03
   1.1526204e-02  -4.0003004e-03   2.3096022e-03  -4.3190665e-02   2.1928230e-01  -9.3613173e-03  -2.4070361e-03  -3.7748864e-02  -1.8116441e-02  -6.4627900e-03   4.6701400e-03  -8.9269188e-03   3.8750321e-03   6.6318152e-03  -1.1302305e-02   2.9163225e-02  -4.5383168e-03  -1.4936410e-02   2.0073190e-03   1.2056908e-02  -2.3365001e-03   8.1564600e-03  -1.7078762e-02  -1.8605068e-03   6.3445041e-03  -1.3950131e-03   3.8818661e-03   1.5198355e-03   3.7698710e-03   8.1608512e-04  -9.1089581e-02  -3.6325312e-02   1.9917605e-04  -4.3445850e-04
   5.4655739e-03  -6.6694256e-03  -1.9131052e-03   4.5924824e-03  -7.5827202e-03   1.2484537e-02   4.0363178e-03  -7.4862088e-02   1.5956905e-01  -9.4096100e-03   1.0110718e-02  -5.4831558e-03  -4.9037643e-02  -3.1012340e-02  -2.5709244e-02   3.5738218e-02   9.9498105e-03  -1.7643893e-02   1.4833063e-02   2.9691609e-03   2.0684807e-04  -5.6756480e-05  -1.4709978e-02  -1.1512512e-04   3.1564232e-03  -2.5716502e-03   2.6064844e-03  -1.2645118e-03   7.0795099e-03  -2.7558235e-03  -1.0002735e-02  -5.5231403e-03   3.2247397e-04  -2.6820025e-04
  -4.5934217e-02   1.5108140e-01  -3.5117594e-03  -6.0517115e-02   1.5323269e-02   3.6480264e-03  -4.9766778e-03  -1.7713388e-03   1.4659385e-02  -7.4187540e-03  -8.5781371e-04   1.6544657e-02  -2.0808882e-02   1.6681032e-02  -9.9996103e-03  -8.1957986e-02   7.8304629e-02   1.6386265e-02  -2.1794682e-02  -2.1132909e-02   5.5220751e-03  -1.0701492e-02   2.3396430e-02  -1.1407358e-03  -1.1272166e-03  -7.5014765e-03  -6.5725313e-03   8.6817228e-04   1.5417798e-03   5.7312669e-03  -6.9885252e-02   1.5614530e-02   1.0077377e-03  -6.1780938e-04
   1.5393846e-02  -2.4234125e-02  -1.6468262e-03   1.2468112e-02   1.4852617e-02   4.7740875e-03   5.9661684e-03  -5.2775796e-02  -1.9024240e-02   9.9341608e-03  -4.3080937e-02   1.5667756e-01  -4.3882490e-02  -3.1584204e-02  -2.4787068e-02  -6.3181633e-03   1.7999694e-02   1.1737872e-02   2.9558515e-04  -8.5200894e-03   4.3035795e-04  -1.2143618e-02   1.3440297e-02   2.0016811e-03  -4.4653441e-03   3.0895055e-02  -2.4211679e-03   7.1164172e-04  -1.9900674e-03  -5.6910063e-03  -9.1582535e-03  -1.4512829e-02  -8.6831295e-04  -9.1054321e-05
   7.6621762e-03   1.9968981e-02  -1.6866391e-03   5.0361611e-03  -5.8363637e-02   1.0696991e-02   1.8473050e-03  -2.5038340e-03  -5.8888541e-04   5.3100638e-04  -1.8348202e-03  -7.7248728e-03  -4.3028535e-03  -1.9698757e-02   2.6773065e-02   1.5466774e-02  -2.9530691e-02   7.1434011e-03   6.2762294e-03   3.4350377e-03  -8.4779845e-04   8.3372101e-04  -5.5932419e-02   5.7695666e-04  -9.0491752e-03   1.6918038e-01  -5.0927491e-03  -1.0896210e-03  -5.1989065e-03  -1.3742819e-03  -9.2543293e-02   2.1309237e-02  -1.2379870e-03  -2.0165760e-04
