   1.9809685e-01   1.2420892e-01  -4.0066903e-02  -1.2214770e-01  -3.9234446e-02   1.0515780e-02  -2.5208097e-03   4.0653246e-03  -8.0366679e-02  -2.2775310e-02   3.2279231e-02   7.3951839e-02  -1.2368836e-01  -6.2918121e-02   9.6000228e-02  -6.5961820e-02   1.2226268e-01  -8.0983327e-02   2.9642564e-02   1.0615253e-01  -1.5960400e-01  -1.0889157e-01   1.3094716e-01  -2.0539354e-02   1.1378034e-02   9.8381275e-02  -2.5933077e-01  -4.8301881e-02   2.5554681e-01   2.5616562e-01  -3.9204956e-01   2.4827448e-01  -3.5877200e-02   2.4413786e-02
  -3.9909728e-02  -2.2329361e-01  -2.6427359e-03  -4.8486145e-02  -2.0114465e-02  -7.4857098e-03   6.0429708e-04  -2.9560482e-02  -1.9145994e-01  -1.2099195e-02   8.6071824e-04   2.5709749e-01   2.2562695e-01  -1.9857430e-01  -4.2470576e-02   8.0441428e-02  -6.5914009e-02   4.1456655e-02   1.7203901e-02   2.1945225e-02  -5.9740598e-02   2.3209286e-01  -1.0387529e-01  -2.4089450e-02  -5.9169601e-03   1.7287838e-01  -1.5403973e-01   1.3458217e-02  -1.2013352e-01  -9.6062517e-02   1.1942798e+00  -6.9653767e-01   6.1426262e-03   3.4738137e-02
  -3.5416870e-03  -6.5726851e-02   1.0540189e-02   7.1333036e-03  -4.2305867e-02  -2.8855135e-02  -7.8077688e-03   1.5437196e-02  -1.4676419e-01  -6.6986512e-02  -4.4026606e-02  -4.3701673e-02   7.7609935e-01   4.5514703e-02  -8.9915252e-02  -3.8292870e-02  -4.9742331e-02  -8.4578033e-03  -1.9149361e-02   8.9420624e-04   8.2422041e-02  -1.1461878e+00   3.9093167e-02   3.6529234e-03  -2.6900979e-03   6.2210574e-02  -1.0397275e-02   4.5388109e-03   3.9939882e-02  -1.4901833e-03  -3.0051296e-01   1.1371888e+00   2.9639204e-02   3.2792499e-02
  -4.6763104e-02  -2.2924277e-02   2.4180892e-01   4.2294620e-02  -1.8106233e-02   1.7591232e-02  -3.9549347e-02  -2.5897835e-02  -8.7779705e-03  -2.0498132e-02  -1.2033205e-02  -1.8426647e-03   1.1724950e-02   2.8398530e-02   7.3916881e-03  -1.2404483e-02   1.5286354e-02  -1.3671521e-02  -4.9083106e-03   1.4100521e-02  -1.7689862e-02   4.3354755e-04   2.5594976e-03  -9.0246279e-04  -9.1056222e-03   1.4623039e-02   7.9436120e-02   1.4576596e-02  -8.6316211e-02  -4.6006388e-02  -1.6591343e-02  -2.7779797e-02  -5.1797824e-02   1.3819095e-02
  -1.4350593e-04  -3.3084106e-02  -2.6151351e-02  -1.9301890e-01  -2.5902573e-02   2.4833110e-01  -2.4242433e-02  -2.5554259e-02  -1.6302683e-02  -6.4721791e-02   9.0217268e-03   7.6408264e-03   2.0967246e-02   3.1558544e-03   6.5141921e-03  -9.1035313e-03   2.7841629e-03  -7.3813482e-03   1.1022775e-03   4.2116680e-03   3.0795055e-03  -9.1682692e-03  -6.4645903e-03   7.9022329e-05   9.1084009e-04   2.0515007e-02  -4.8217028e-02  -8.0918488e-03   5.9695533e-02   1.7578087e-02   7.3990176e-02   2.4897115e-02  -2.6513046e-03   1.0132663e-03
  -3.5262490e-03   4.0853955e-03  -1.8199955e-03  -1.1103062e-02   1.3169280e-03   3.2759964e-03   2.4076154e-04  -1.0127896e-02  -1.1743402e-03   1.4348487e-03   3.3840412e-03  -6.9923447e-03   9.0495587e-02  -1.0459312e-02   9.3628581e-03  -1.0404202e-02   8.0678776e-03  -2.0561072e-02  -2.9637227e-03   3.8412133e-02  -1.4731912e-01  -9.8120887e-02   2.1049803e-01  -6.0212072e-02   2.3814962e-01   7.1979480e-02  -3.0047538e-01   3.2197211e-02   3.7389595e-02  -1.0269762e-03   5.8760275e-02  -8.5905536e-02   1.9941726e-04  -2.4940005e-02
  -5.7647371e-03   6.1976088e-02  -2.5697062e-03  -1.0011144e-02  -1.4684751e-02  -4.6601830e-03   9.7382978e-04   3.0957598e-02   9.4052810e-02   8.4218691e-03   2.8162498e-02  -1.2128187e-01  -4.4991547e-01  -4.9756071e-02   1.1826044e-02   3.0195100e-02  -3.7293021e-02  -7.0387735e-02   5.6498299e-03  -6.3876417e-02  -1.5707827e-01   1.3161482e+00  -1.6022871e-01  -3.5631595e-03  -7.2794545e-03  -1.1398759e-01   4.2116195e-02   1.0147497e-02  -5.5709566e-02   1.1386985e-02  -1.2542907e-01  -1.6331306e-01   1.6302017e-02   7.2255745e-03
   2.2404638e-02   5.7167322e-02   3.6461457e-03  -1.4264759e-02  -1.2921072e-02   5.1373247e-03  -3.8211995e-03   1.4650166e-02  -2.7311857e-02  -4.6374968e-03  -2.4173304e-02  -1.4036830e-02  -3.0780213e-02   4.8859369e-02   5.6291070e-03  -4.6899347e-03  -2.6600846e-03   2.2673320e-02  -1.8397510e-02   4.1396636e-03   1.8767894e-02  -7.1601312e-03  -1.1676969e-02   1.6990922e-02  -3.7194018e-04   1.3998344e-02  -8.6857154e-02  -1.8328603e-02   3.8718533e-02   1.7083590e-02  -2.3124365e-02   5.8071213e-02   1.2094564e-01  -1.4155032e-01
  -3.7887339e-02  -5.7846110e-02   9.6592427e-03   2.7781570e-02  -1.0589811e-02   1.0327582e-02  -2.5403830e-03  -6.6074375e-03   3.4768858e-02   3.5594100e-03  -3.4736811e-03   4.6731780e-03  -6.1369423e-02   3.1782033e-02  -1.6745456e-02   8.8819227e-03   4.0205910e-03   9.4227792e-03   3.7657792e-03  -1.6586045e-02   1.2881776e-02   5.0154999e-02  -7.9132085e-02  -2.7594097e-02  -6.1724412e-02  -1.8554289e-01   4.9621177e-01   5.3156590e-02   2.0880020e-02  -9.6872202e-03  -1.5324977e-01  -9.6430836e-03   7.4917497e-04  -4.2593539e-02
  -9.6680923e-03  -1.4571844e-02   8.2363930e-04   8.9287926e-04   8.3943247e-03  -4.4699569e-03   4.5594448e-03   1.7290023e-02  -7.5355378e-03   4.1843061e-02  -1.0679332e-02  -1.0458507e-01  -8.2987246e-02  -5.6144355e-02  -7.2886604e-02  -6.0153375e-03   4.3444591e-01  -2.1771565e-02   2.3067913e-03   1.3444800e-01  -1.0579776e-01   8.5290473e-03   1.9753981e-02  -4.1055783e-03   1.7222358e-04  -6.1540245e-02   2.3308980e-02   1.7574786e-04  -2.5993747e-02   5.9017022e-03   2.7404451e-02   5.7832966e-02   1.9514905e-02   1.4130435e-02
  -6.4778556e-04  -2.8833201e-02  -1.6862861e-02   3.3633596e-02   1.6091048e-02  -5.3463905e-03   1.0634702e-01  -2.6064547e-02  -8.2244984e-02   4.4827466e-01  -1.1237571e-01  -9.6923406e-02   5.4672531e-02  -4.0418668e-02  -8.1687992e-03  -8.8784333e-03   3.1797697e-02  -8.3498166e-03  -3.5568030e-03   5.8494788e-03  -4.5198775e-03  -4.0494083e-02   1.4631210e-02  -7.5659786e-03  -1.6347776e-03  -1.9221335e-03   3.6603158e-02   3.6701311e-03  -3.5372284e-02   2.4418377e-03  -3.7253150e-02  -6.4753414e-02  -2.5892856e-02   8.9687265e-03
   2.8748208e-02   4.1958690e-02  -9.3332913e-02   4.4606750e-01  -4.4311817e-02  -6.5062948e-02   2.0582136e-02  -2.7256584e-02   9.0817140e-03  -5.5161214e-02   1.0874020e-02   1.7520638e-02   1.6060309e-02   1.4462176e-04  -2.3628317e-03   8.6994879e-03   5.0553159e-03  -1.0861059e-02   1.0629318e-02  -1.6515844e-02   2.0803524e-02  -1.0294955e-02   5.7991077e-03   1.8247784e-03  -3.9423523e-03  -4.0163663e-02   1.1685733e-01   1.2877679e-02  -1.1939568e-01  -3.1031527e-02  -2.1709874e-01  -3.3616902e-02  -1.5576220e-03  -1.9797189e-03
  -2.9336005e-03  -1.7253828e-02   1.0492211e-02   5.2334329e-02  -6.0771832e-04   1.0582375e-02  -6.7778914e-03  -1.0449823e-02  -2.7416769e-02  -1.1779006e-02  -1.5858041e-02   1.0785859e-02   1.5087298e-01  -9.5150682e-03   9.7197950e-03  -1.7320283e-02  -1.8989883e-02   1.5711174e-02  -3.1346660e-03   2.2136171e-02  -1.2824803e-02  -3.4828682e-02  -9.8423338e-04  -2.4665560e-02  -1.4583989e-03   4.4002533e-02   1.0362258e-01   2.3209803e-02  -7.9219813e-02  -1.8568783e-02  -8.5238723e-02  -9.7455966e-02   1.3082457e-01   1.2924862e-01
  -1.2825219e-03  -2.7396722e-02   2.2946932e-03   7.6778262e-03   1.5513320e-02  -2.2968625e-03  -7.5534372e-03   8.3312638e-03   1.6151765e-02  -3.6001818e-02   2.2055101e-02  -6.4898250e-02  -1.6466016e-01  -9.3893555e-02   5.3602965e-01  -1.0797272e-03  -1.9482938e-01  -2.8346499e-02   4.6499045e-03  -3.4932138e-03   1.9735180e-02   1.1459586e-01  -1.0710401e-02   1.4195856e-02  -3.6732314e-03  -3.4792639e-02   1.4815752e-02  -1.1091183e-03  -8.8020136e-03   1.2753263e-03   1.7951721e-02   8.3119782e-03   8.8692387e-03   1.5138765e-02
   1.3761987e-02  -4.2740783e-03   1.7213210e-03  -9.8278944e-03  -1.6946654e-02   1.3692937e-03  -5.1009772e-03   9.9896240e-03  -2.5865182e-02  -1.2642790e-02  -2.3141230e-02   2.8529655e-02  -7.6601391e-02   3.9199501e-02   1.1781054e-03   8.9495699e-03   1.8617967e-02  -3.2398799e-02  -2.6737338e-04  -1.9640749e-01   6.2160387e-01  -1.3309104e-01  -1.9277144e-01  -4.7251762e-02  -1.4455482e-02  -4.4094723e-02   5.3863366e-02  -1.4352014e-02   4.9139272e-03  -1.2043423e-02   1.7320262e-02   8.3130537e-02   1.9771447e-03  -8.0543280e-03
   3.7057490e-03  -8.8474583e-04  -1.5437278e-03  -6.0106056e-03   1.1109956e-02  -4.1470003e-04  -4.2861698e-04  -1.0415215e-03  -4.1982450e-03  -1.5205602e-03   3.6076809e-03  -1.0444309e-02   3.3900173e-02  -3.7004916e-03   8.0666358e-03  -7.0221139e-03   4.2496166e-03  -2.8447185e-03  -1.6917218e-03   2.1814569e-03  -2.5862151e-02  -4.7548646e-02   9.2786989e-02  -2.6435532e-02   4.0110560e-03   5.9240695e-02  -2.1031784e-01   1.5973282e-01   2.0604408e-03  -8.4178530e-03   4.8334191e-02  -2.9682831e-02  -1.7879820e-03  -3.0853304e-02
   4.9491831e-04   1.9384419e-02  -2.8512943e-03   7.4559341e-03  -2.2858973e-02   1.0335144e-02  -1.9371733e-04  -6.7674438e-04  -2.0818099e-02  -1.5060605e-02  -4.7671633e-02   8.1929559e-02   5.0034715e-01   5.7710490e-02  -7.3271135e-02  -1.5188744e-02  -6.3276002e-02   1.7395372e-02  -1.3108550e-02  -8.5707066e-03  -1.0100161e-02  -5.0868341e-02   1.4611886e-02  -1.1848818e-03   2.3526055e-03   6.8011930e-02  -1.0067286e-02  -1.9746815e-03   2.3789394e-02  -1.3352965e-02   6.9345056e-02  -4.9605161e-01  -3.6608888e-03  -1.1286640e-03
  -2.6956622e-04  -9.3522769e-03  -4.0706491e-04   8.6777382e-03  -6.4067061e-04   2.4849214e-03  -2.9813830e-03  -5.6508867e-03  -2.3914922e-02  -3.2736655e-03  -9.2062732e-03   8.1748005e-03   3.8438703e-02   7.3807095e-03   5.0181113e-03  -7.0930053e-03   2.7127663e-02  -1.6556904e-03  -1.5868488e-03  -6.1818580e-02  -8.3399044e-02  -4.9229379e-02   5.9453626e-02   2.5080583e-01  -9.9332311e-03   1.3691192e-02   2.1315625e-03  -2.7436235e-02   9.7748801e-03  -9.1104200e-04  -1.5227688e-02  -2.9622629e-02   4.0965496e-03  -2.4426102e-02
  -2.0687591e-03   7.4746501e-04  -6.8488988e-03  -4.6276532e-03  -3.0596349e-03   2.4152642e-02   1.4367355e-01  -1.4105245e-02  -4.3075052e-03  -1.4248657e-01  -5.7716628e-04  -1.4248971e-02   2.6869829e-02   2.2507363e-02   1.3964428e-02  -3.8915538e-03  -9.8317621e-05  -6.3725072e-03   7.4484874e-04   7.4847845e-03   2.3361965e-03  -5.0558059e-03  -6.7941869e-03  -5.4241341e-03  -7.8603764e-04   9.3355660e-03   5.0790832e-03   1.8943146e-04  -1.0019763e-02   8.2853401e-05  -5.5360155e-03   1.2720061e-02  -1.4137812e-02   1.0766165e-04
  -1.5641313e-03   1.5367174e-02  -8.1874287e-04   2.2355496e-03  -8.5254612e-03   3.5681142e-03  -3.5446599e-04   9.6034154e-05   6.3919626e-03  -6.1339443e-04  -6.7527564e-04   1.7445727e-02   1.5282831e-02  -9.2123776e-03  -8.1518552e-05   3.2171678e-03  -3.8879353e-03   1.4576960e-02  -8.9100783e-03   8.0166290e-03  -9.0368162e-02  -8.2500081e-02   2.7377791e-01   4.4915624e-03  -8.5564310e-02   4.2871046e-02   1.8412448e-02  -2.3800632e-03  -9.2154116e-03  -2.2978404e-03  -4.5125296e-02  -7.9679557e-02  -2.8539066e-05   3.5065540e-03
  -8.2117291e-04  -4.6163045e-03  -1.5852349e-04  -2.2093190e-03  -2.1631187e-02  -9.4910086e-03  -4.9765355e-03  -1.6832453e-02   5.2352682e-01  -4.7870641e-02   2.0338656e-03  -1.1391432e-01  -1.4136469e-01   2.4917636e-02  -6.4661503e-03  -9.2838285e-03   3.3242590e-02  -8.6470233e-03  -1.7479751e-04   6.0697597e-03   1.7950302e-02  -6.8799473e-02   4.8519665e-03   7.6150083e-04  -7.9464169e-04   6.7537972e-02  -1.2643689e-02  -1.0060772e-03  -4.9680036e-03  -2.4179173e-05   3.4607689e-02  -2.3192212e-01   2.5968809e-03  -8.6957182e-04
  -8.5266370e-04  -3.2316675e-03   7.3674641e-06   5.4236869e-03   9.5251597e-03   2.9155467e-03  -9.7223775e-03  -2.2571991e-03  -2.5816434e-02  -7.5186327e-02   2.8996296e-01  -3.6211749e-02   4.4562480e-02  -1.9030067e-02  -1.6563770e-01   1.3685907e-02   6.1393033e-02  -2.3837303e-03   4.8808363e-04  -4.2220010e-02   1.5444425e-03  -2.7881985e-03   5.1081919e-03   6.0167373e-03  -1.2018290e-03  -1.6704591e-02   1.0426328e-02  -8.9320604e-05  -1.5924828e-03  -4.5083063e-03  -7.1854825e-03   1.7394454e-02   9.1528965e-04   6.1554669e-03
   1.3937402e-01  -2.3078246e-01   4.8833302e-03   5.2588927e-02  -5.1975096e-04   6.5821585e-04  -1.3549273e-03  -3.2610052e-03  -6.7941575e-03   3.5906518e-05  -3.9620096e-03   1.6549454e-02  -1.5743355e-02  -1.3621811e-02  -1.1334562e-03   4.2683838e-03  -7.1734958e-03   8.8938079e-03  -1.6345738e-03   3.1444086e-03  -2.9278766e-03   2.8442351e-02  -1.4462585e-02  -6.3355063e-04  -3.5630316e-03   1.5784396e-03   3.9211734e-02   6.9658594e-03  -5.2626414e-02  -2.7537324e-02   7.6277857e-02  -2.9188332e-03  -2.2956788e-03  -2.9298268e-03
   8.5796656e-05  -6.0568279e-03   8.3344573e-04  -2.8728708e-03  -1.4093669e-02  -3.8146635e-02  -2.7341365e-03   2.1689796e-01  -4.5972698e-02  -5.2123395e-02   2.5770468e-03  -1.7203352e-02  -4.9512471e-03   6.6570376e-03   1.8536254e-03  -6.8323343e-04  -7.6759577e-03   3.1505174e-02   3.4040924e-03  -8.1896509e-03  -1.6500080e-03  -5.9142974e-05   8.5124303e-04  -2.3059493e-04  -1.1974818e-04   2.7435161e-02   2.0506187e-03   6.7254412e-04  -9.5831706e-03   4.9650261e-03  -5.9078923e-03  -8.3328521e-02  -2.2024266e-05   1.3070419e-03
  -3.5630574e-03  -2.3593937e-03   1.8788670e-05   3.0329299e-03  -3.5826032e-03  -2.2444594e-03   2.8293415e-04   3.7436658e-03   1.6876004e-02  -5.4642043e-03   8.2862905e-03  -1.2780817e-02  -2.5711382e-02   4.4717438e-02   9.9492625e-03  -2.4718950e-03  -1.8449821e-01  -1.1889428e-02   5.5533221e-03   2.6844942e-01  -5.2000285e-02  -2.0515212e-02  -7.4056592e-03  -1.2785790e-02   3.2985866e-04   4.4241523e-03   7.6525862e-03  -6.0053847e-04  -1.2136148e-02   2.9608904e-03   3.8161090e-03   1.4873030e-02   2.7524148e-03   1.0123786e-03
   1.0804459e-03  -6.4465661e-03   4.2412480e-04   7.7531826e-04  -1.2071756e-02   7.8897518e-04  -8.3666844e-04  -1.3768797e-03  -3.0677325e-02  -7.7425736e-03  -4.5898040e-02  -1.6990093e-02  -2.4505075e-01   3.8053539e-01  -1.6350253e-01   5.4276997e-02  -2.1322464e-02  -1.9884091e-03   1.7595634e-02  -8.5783494e-03  -7.6474266e-03   4.9386297e-02   2.5446442e-03   2.9864121e-03  -8.7775101e-04  -1.2613269e-02   8.8659399e-04   1.1536731e-03  -7.1280827e-03   8.8722120e-04   1.2626159e-02   6.1758182e-02   9.0669097e-04   3.0012303e-03
   2.3581372e-02   5.6227049e-02  -6.7298785e-03  -3.2053406e-02   2.0843724e-03   5.0113271e-04   5.6990309e-04   1.1107139e-02   9.0099483e-03  -9.8239426e-04   1.7035499e-03  -1.0506978e-02  -2.0579082e-02   2.6077415e-03   2.9146733e-03   5.3160377e-03  -5.1677423e-03   1.5016439e-03   3.4437537e-04   1.1762769e-02  -1.3096813e-02   5.9975700e-03   6.6236017e-03   2.2376407e-03   3.7622912e-03   5.7533082e-03  -5.3236479e-02  -3.4383698e-03   2.2163402e-01  -1.2956080e-01  -1.0607818e-01   1.2856138e-02  -1.2817382e-03   2.6534544e-03
  -1.2281842e-03   5.6956357e-03   7.8003036e-04  -2.0667391e-03  -1.1147744e-02  -2.7406210e-04  -1.4221915e-03  -9.2902414e-03  -1.9889534e-02  -5.5078752e-02  -4.7311988e-02   3.3946475e-01  -1.1058896e-01  -1.1830770e-01  -9.7172331e-03   1.2059255e-02   2.1466446e-02  -9.5519385e-03  -2.3602851e-03   1.1154814e-02  -6.8274889e-03   1.8822233e-02   2.6536256e-03   8.5839383e-04   1.4910362e-03  -2.3551283e-04   1.1681645e-03   4.9289880e-04   1.6988593e-03  -5.3720424e-04  -1.2153376e-02   3.3626692e-03   2.0323425e-03   1.5410439e-03
   3.4968055e-03  -1.7623764e-02   2.9271990e-03  -4.8223403e-02   3.1880599e-01  -1.7946203e-02  -8.4229894e-04  -2.5148300e-02  -3.1954094e-02  -1.0670299e-02   3.1636161e-03   1.1401368e-02   1.3903246e-02   1.4739051e-02  -1.4342342e-02   4.5689309e-03  -9.4006490e-03   1.7527829e-02  -2.1725662e-03  -9.3311719e-03   6.1682542e-03   1.2631914e-02   1.1139884e-02   1.0534568e-03   1.3098640e-03  -3.8099482e-02   1.4136440e-02  -2.2623917e-03   1.5777044e-02   7.0467202e-03  -1.1344753e-01  -1.1870099e-01   1.8951126e-03   2.2555109e-04
  -1.5266830e-03   2.8102499e-03  -6.0273651e-05   8.0574110e-03  -2.0423057e-02   1.6259499e-03   4.2298778e-04  -8.6481382e-03   2.9522786e-02  -4.3850594e-04   1.2883094e-02   1.6502928e-02  -1.5822827e-01  -2.3031230e-02  -6.0866566e-04  -9.3894422e-03  -8.2970917e-02   2.7386854e-01  -6.1941028e-03  -6.7060363e-02  -2.5649280e-03  -1.0801674e-02  -1.0885807e-02   2.0915456e-03   1.3513890e-03   2.3735933e-02  -7.2943431e-03  -1.9174169e-04   4.8363059e-03   4.0342671e-03  -2.7166367e-02   5.2984182e-02  -4.3872016e-04   3.0972366e-04
  -6.4850953e-04   3.1731797e-04   1.2281789e-04   1.5296817e-03  -9.0632451e-04   5.2170965e-04  -2.6149905e-07  -1.2383156e-03   1.1239917e-02   1.3189951e-03   6.6899511e-03   1.8712421e-03  -2.3811827e-02  -3.9462683e-02   1.9438425e-02   3.8343628e-03  -1.1169023e-02  -2.6078513e-02   1.7776017e-01  -3.0204567e-02  -3.2889013e-02  -7.0084131e-02  -8.2473871e-03  -1.3940556e-03   7.6394884e-04   2.3143124e-02  -4.4534695e-03   3.8564990e-04   2.6706349e-03  -2.2608809e-04  -1.2580598e-02   8.3285227e-03   6.3407123e-04   2.0294254e-04
  -2.5408957e-03  -1.1109726e-04   8.7654146e-04   6.1643172e-03  -5.4707219e-03  -1.3034160e-04  -1.2118526e-04   1.0163406e-03   2.8105650e-02   3.9931927e-03   1.1911489e-02  -8.7366961e-03   4.2980958e-02  -9.2596445e-02  -3.3787258e-02   1.6149036e-01  -8.4207950e-02   2.0558160e-03  -3.9524821e-03   5.2822774e-03   1.1381392e-02  -1.7971190e-02  -8.2376235e-03  -7.8474850e-04   6.6795600e-04   2.9967430e-02  -9.7542726e-03  -7.3108329e-04   7.0651882e-03   5.2479150e-03  -2.4075015e-02  -1.6210097e-02  -1.8157098e-04  -1.3400634e-03
   3.4928908e-02   1.3721918e-01  -1.4025487e-02  -7.2470447e-02   1.1999047e-03   2.7193417e-03   1.9905882e-03   2.0091049e-03  -3.5321467e-03   2.9465646e-03   8.1378857e-05  -8.1453845e-03   2.0074422e-02  -5.0817748e-03   9.4747107e-04   6.4726857e-03  -1.0770682e-02   3.1724217e-03  -7.9945109e-04   3.9158458e-03   6.8774693e-03  -1.7548488e-02  -1.3223766e-02  -1.0767569e-03  -6.6034482e-03  -2.4188334e-02   1.1169806e-01   1.5329125e-02  -1.9375417e-01  -1.2692595e-02   1.9648688e-02   1.6226494e-02  -2.8031559e-03   7.1955408e-04
   1.9039830e-03   1.7602326e-02  -4.8273358e-04   1.3264424e-04   1.9708495e-03   2.4335627e-03   8.8665113e-05  -1.2333971e-03  -1.6844255e-02   2.1523877e-03  -1.4708031e-03   8.3324910e-03  -8.4515736e-03   1.7782994e-02  -3.2512536e-03  -8.1255381e-03   1.3161083e-02  -9.8193352e-03  -3.7802607e-03  -8.0961915e-03   2.6047183e-02   2.1929049e-02  -6.5939841e-02  -2.2512497e-03  -1.0841853e-03   2.2340710e-01  -4.6052867e-02   4.0254995e-03  -1.1323110e-03   5.1632468e-03  -1.0670649e-01  -5.9728969e-02  -1.2357693e-03  -2.7973088e-03
