   1.4855830e-01   1.4388050e-02   1.7075336e-01   5.0314167e-01  -3.0631776e-01  -7.1249514e-02  -1.4902587e-01   3.8451975e-02  -1.9192659e-01  -4.1931947e-02   7.4760087e-02  -9.7643051e-02   2.5863410e-01   1.0892409e-01   5.7859705e-02   5.6927370e-02  -3.2444053e-01  -1.3948993e-02  -5.9717848e-02   1.3925366e-01   3.1393801e-02   1.2810943e-01   8.0347992e-02  -1.2432956e-01   2.7775081e-02  -4.0444120e-01  -1.0935649e-01   1.7335153e-01   3.3099048e-02   9.8061717e-02   3.5171126e-02   6.3382046e-02  -1.3953491e-01  -1.3985726e-01
  -1.0719060e-01   3.5715735e-01  -4.1192282e-02  -1.5735220e-01   3.3602375e-02  -7.6881031e-03   6.3370843e-03  -4.8748296e-03  -7.9561923e-04   2.2725001e-02  -3.9908760e-02  -2.2468687e-02   3.2713157e-03   2.5263082e-02   1.0600372e-02   2.8670495e-02  -4.8011919e-02  -4.5518382e-03   9.4221577e-04   1.7019322e-02   2.9320045e-03   2.5024687e-02   1.7126913e-02   4.7840704e-03   2.9526493e-02  -5.8775129e-02  -1.1963909e-01   1.4360297e-02  -7.3966240e-02   3.2669251e-02   5.6766063e-02  -1.4943532e-02   5.1215909e-03  -2.9514661e-03
  -2.1081217e-02  -5.4117621e-02  -6.3437028e-02  -1.0108718e-01   1.4611023e-01  -7.3170764e-02   7.2508256e-02   1.4861624e-02  -1.8932448e-01   6.1456887e-02   8.4704595e-02  -7.0313253e-02  -1.3106803e-02   3.5949232e-02  -1.5078963e-02   1.2259987e-01   2.3110978e-01  -1.2863754e-01  -3.9747442e-02   4.1585938e-02   1.6702884e-02  -6.8972222e-02   3.2596323e-02   1.6788460e-01  -3.4822002e-02   6.7855053e-02  -5.2717567e-02   2.5997023e-02   3.5173535e-02  -5.2020857e-02   1.9890241e-01   1.4975188e-02   2.5507030e-01   2.0514825e-01
  -1.9412494e-02  -2.3254833e-02  -3.8511672e-02  -4.1148388e-02  -1.2169162e-01   7.4179871e-03  -6.7937923e-03  -7.6227230e-03   3.8152340e-02   2.2733416e-02  -9.0094659e-02   1.6421789e-02   2.4895173e-02   2.0526755e-02   8.8955891e-03   5.4612523e-02   4.5749256e-02  -4.9459864e-02  -3.6377647e-02  -4.2145529e-02  -6.7092496e-03  -3.3472312e-02  -2.6261230e-02   4.8490006e-02   4.3684526e-02   2.8051621e-02  -3.2058346e-02   1.0585529e-03   2.9994698e-02  -2.7148150e-02   1.0231786e-01   3.5449349e-02  -9.3316276e-02   1.4461809e-01
   1.7427536e-02  -7.1049075e-02   9.3679827e-03   6.9187500e-03  -7.7962562e-02   2.0979329e-02  -3.7731236e-03   2.0321999e-03  -2.1883431e-02   5.2735789e-03   1.7540455e-02  -5.6451360e-03   2.6524099e-02   5.3528849e-03  -7.9736064e-03   3.3827501e-03  -9.4657279e-03  -1.8593414e-02  -6.8789311e-03   2.0662243e-02  -3.0680124e-04   4.6935132e-02  -2.1365663e-02  -2.3187456e-02  -4.2660990e-02  -1.7674165e-01   3.1816576e-01  -2.9427984e-02   1.7777957e-01  -1.2507520e-01  -3.2053364e-02   1.8735223e-02  -4.9859800e-03  -1.5442777e-02
  -2.7396274e-04   1.8149114e-02  -9.2746052e-03   4.2084434e-02  -2.5025390e-01  -7.2649672e-03   5.7551975e-03  -8.4351718e-03   4.5595594e-01  -1.0669184e-01  -4.3773431e-02   6.9880596e-02   7.1707619e-02  -6.7018847e-02  -4.9489181e-02  -6.5254987e-02  -7.4284454e-02  -1.7870354e-03   1.2354180e-02  -2.6185054e-02   3.8742720e-03   4.5958286e-01   5.7513438e-02  -5.3107016e-02  -6.4043847e-03  -4.6785174e-01   9.5849405e-03   3.9882693e-03   7.1027080e-02  -1.0199489e-02   1.1578557e-02  -9.6814493e-03  -6.2866027e-03  -4.2563706e-03
  -1.0762438e-02  -3.8041230e-02  -4.8375172e-03  -4.0481618e-02   6.7610800e-02  -1.4776307e-02  -2.1309453e-02  -1.0182008e-02  -2.1617044e-01  -4.3338791e-02   7.1660691e-02  -5.1228885e-02   1.8796047e-02   1.3127120e-01   6.7547937e-03  -1.1171040e-01  -3.0783326e-02  -5.5562537e-02  -7.0091525e-06   6.8561475e-02   5.3878222e-04  -4.3156528e-02   1.5013879e-02  -6.9596158e-02  -1.2838568e-01   1.0603582e+00  -2.7735964e-01  -7.4478172e-03  -1.8833522e-02  -6.8595920e-03  -1.1920308e-01  -2.7094219e-02  -4.0177409e-02  -3.8793513e-02
   2.3702790e-03  -5.4434212e-03   4.7555109e-03  -8.6491172e-03   8.4943587e-02  -9.5613983e-03  -1.5911341e-02   7.2405086e-03   3.9210518e-03  -8.9404627e-03   5.8430785e-03   6.5931207e-03  -3.4729447e-02  -2.8737828e-01  -1.9333659e-02   5.3631822e-01   1.4596431e-02   1.3347327e-02   9.0351991e-03  -1.1752547e-01  -5.1000106e-03  -5.1391448e-02   2.2100496e-02  -1.1206176e-02   1.0143279e-02  -4.7117755e-02  -2.2629113e-02  -2.8628646e-03   1.1563135e-02  -2.1906910e-03  -1.2541552e-02   4.6800984e-02  -3.8859446e-02  -3.5711807e-02
  -5.8435252e-02  -1.9248584e-01   1.1696348e-02   3.7032207e-02   6.3803214e-02   5.9614377e-03   8.2752244e-03   2.3938618e-03  -2.2798657e-02   8.0676335e-03  -2.3224712e-02   7.0032649e-03   6.7459110e-03   1.6179782e-02  -5.3256388e-03   1.5078436e-02  -2.7178477e-02   2.8601621e-03   2.2907591e-03   1.9363435e-02  -2.9143937e-03  -2.3987412e-02   1.3705889e-03  -3.9585744e-03  -1.5590164e-02  -1.0096832e-02   1.4355728e-02  -1.6168128e-02   8.0796956e-02   1.3148415e-01  -3.8158168e-02   7.3047446e-03   1.0418505e-02  -1.5132548e-02
   6.9056354e-04   1.8646544e-02   2.6312190e-03   2.4161410e-02  -6.7135917e-02   2.1523653e-02  -2.3088749e-02  -1.1388608e-02  -7.5973776e-02  -7.5290115e-02   1.1189726e-03  -2.7443308e-03   1.5043993e-02   5.4390500e-01   1.9233566e-02  -2.1385333e-01   1.1209937e-02   1.1221778e-02  -1.4834445e-02  -4.1406549e-02   7.2584659e-03  -1.6744816e-01  -5.4670477e-02   2.0669777e-02   1.3194104e-02   1.2037906e-01   4.3400903e-02  -4.8853656e-03  -2.1724017e-02   1.1495825e-02  -6.1283890e-02  -4.0381488e-02  -1.2395670e-03  -7.4540750e-04
  -1.3371154e-02   1.7286181e-02  -2.0903574e-03  -7.8662169e-02  -3.8969647e-02   4.6908239e-03   2.0126602e-01  -1.4683726e-02  -9.9619628e-02   3.6861657e-01  -3.4165001e-02  -9.5184396e-02   1.7011519e-03  -8.8987345e-02  -4.2208301e-03  -3.9134009e-02   3.0231068e-02   4.0924430e-02  -1.4596561e-02   7.6253116e-03  -5.1877754e-03  -6.5036286e-03  -1.7049471e-02  -2.5511427e-02  -2.1146742e-03   5.9444047e-02   9.4278262e-03  -1.6394431e-02   8.2553521e-03  -5.7312121e-03  -2.3390135e-02  -2.3472469e-03  -5.5306382e-02  -1.0398515e-02
   2.5610742e-03   5.4631474e-03   2.4076709e-03   1.5848776e-02   5.8513367e-02   5.2681551e-03  -1.0203485e-02  -1.4653373e-02  -7.3302921e-02   2.1059424e-02   3.8805181e-02  -2.8375907e-02  -7.8659660e-03  -4.6127410e-02   3.8440329e-03  -1.1460307e-01  -8.9368517e-03   3.6896967e-02   1.4199609e-03   3.3193631e-01  -5.0223223e-03  -2.7125481e-02  -1.5987400e-02  -6.5539946e-02  -8.7885291e-03  -5.2490364e-02   6.1953158e-02   1.6519453e-03  -1.1413735e-02   1.7482337e-04  -4.4392092e-02  -1.4921762e-02  -9.1061555e-03  -8.1303799e-03
  -4.6738996e-02   6.9928004e-03   1.7555519e-01   1.5698956e-02  -2.2339934e-02   3.4813179e-02  -9.5619384e-02   1.7545709e-03  -3.7603335e-02  -6.9190627e-03  -1.4634024e-02   6.6140428e-03   1.3210089e-02   1.3347793e-02   4.2546350e-03   1.2336215e-02  -7.2821591e-03  -7.5186692e-03   9.2569440e-03   4.4045299e-03  -2.1986889e-03   4.8567701e-04  -6.0336611e-03  -1.5578225e-04   1.0662503e-02  -1.0164940e-02   3.8997198e-03  -1.7940961e-02  -5.2746532e-04  -2.1687180e-02  -2.6775573e-02   2.3608212e-02  -3.1306563e-02   1.9160087e-02
  -2.7104527e-03   1.2625352e-02  -3.7106300e-02  -1.1544364e-01  -1.1605054e-02   3.1283091e-01  -5.7652494e-02   3.3125051e-04   2.5129547e-02  -1.2294858e-01   1.0682767e-02  -1.0012370e-02  -2.1573941e-03   1.9810025e-02   6.5904800e-03  -9.3417904e-03   8.2300202e-03   7.8866591e-03   3.3753633e-03  -9.2483518e-05  -6.4726831e-04   3.4400522e-03  -5.2786584e-03   4.9901089e-03  -1.2385633e-02   1.6923149e-02  -6.1642353e-03  -3.4892618e-03   5.4639587e-03  -7.1940444e-04  -1.1276011e-03  -3.0505223e-02  -9.9372100e-03   3.6538366e-03
  -6.5670821e-03   1.6724144e-02  -6.0562537e-03  -4.0580017e-02   3.6894629e-02   7.0452999e-03   8.6547322e-03   3.3576011e-03  -3.8042974e-03   9.6408462e-03  -1.9325871e-02  -2.6056380e-02  -1.1316152e-03   2.5238146e-02   3.9218239e-03   9.2596926e-03  -1.2732254e-02   6.1372332e-03  -3.7780183e-03   4.7578197e-03  -3.8381168e-04   1.2546480e-03   6.4005298e-03  -6.1890627e-02   2.0628091e-02   1.6012034e-02  -8.3201813e-02   2.1200300e-01  -3.1584010e-02   2.6017267e-04  -1.6206411e-02  -1.4697193e-02   3.6604983e-03  -5.6403081e-02
   7.8559896e-03  -1.6081387e-01  -7.6352131e-03   4.0560592e-01  -6.5326804e-02  -7.5495127e-02   1.7879992e-03  -5.6084635e-03  -5.9322505e-02  -6.2943798e-03   9.5113041e-03   2.0950549e-02   1.0023946e-02  -6.4298107e-03   2.7440777e-03   4.1359198e-03  -1.4253542e-02  -5.7993347e-03   9.6010733e-04   1.1276015e-02   1.4474853e-04  -1.2554385e-02   6.2808156e-03  -7.3392777e-03   8.7022075e-03  -3.5250855e-02   4.5361175e-03  -1.4208511e-03  -6.6393687e-03   1.3334867e-02  -1.2274726e-01   9.4616356e-02  -8.5522216e-03   6.9001258e-03
  -5.6076969e-03  -6.4291685e-02   4.1322349e-03  -5.0893391e-03  -6.1400943e-02   2.2315823e-02  -3.1066337e-02  -1.8008685e-02  -7.5141771e-02  -1.1041253e-01   2.8395941e-01  -7.9194423e-03   6.1916065e-02  -9.0182849e-02  -5.5466559e-02  -4.2799694e-02   2.8132311e-02  -1.3681277e-02  -8.8179932e-03  -2.1011333e-02  -5.3780444e-03   1.1501585e-01  -5.9054965e-04  -2.4315084e-03   1.1920644e-02  -1.6250585e-01  -4.2946545e-02   6.7846102e-03  -1.3109960e-02  -1.2263216e-02   2.8687531e-01   5.4977924e-02  -8.7656574e-03  -4.7611880e-03
  -3.0488215e-03  -1.9779802e-03  -6.3397723e-03  -1.8908782e-02   2.1592352e-03   3.6018813e-03   1.7056489e-02   6.6695931e-04  -1.7277101e-02   8.1592390e-03   2.3732269e-02  -1.2255024e-02  -1.2416190e-02  -1.1814660e-02  -1.4949197e-02   5.5128434e-03   2.6452969e-02  -8.7389303e-03   5.3291476e-03   4.4127889e-02   5.6973324e-03   3.7371007e-02   1.3742527e-02  -2.5000537e-01   6.5807795e-03   2.3561896e-02   1.1035913e-02   2.8648297e-02   4.3095108e-03   2.0569493e-04   1.3309245e-02  -3.0965220e-03   1.6680628e-02   4.0469495e-02
   8.9067846e-04  -1.5676725e-02  -1.1136257e-03   8.6720304e-03   1.5251873e-02  -5.8471350e-04   9.5447465e-04  -4.7814595e-03  -2.9030662e-02   1.4514826e-02  -1.5497274e-02   3.9828045e-03   7.9046016e-03   1.5322834e-03   3.8895577e-03   3.6118981e-04  -5.6712151e-03   1.1350195e-03   1.8284849e-03  -3.7012531e-03   7.6320823e-03   3.7206880e-02   3.5242619e-03   7.6352095e-02  -2.6749833e-01   5.5345638e-03   6.6755204e-02   4.4290124e-02   2.3007266e-02  -1.5931988e-02   1.2108106e-02   6.2565565e-03  -3.1076628e-04   1.0909922e-02
  -1.8354414e-04  -3.4930472e-03  -2.4518124e-03  -4.8523991e-03   4.0949908e-03   2.7200278e-03   3.2689135e-03   1.4783724e-03  -4.8715210e-02   7.2471264e-03   2.5267243e-02  -1.2224251e-02  -1.3182428e-02  -1.1467411e-02   3.5652701e-03  -1.2080304e-02  -7.0386263e-03  -2.6394102e-02   2.1475923e-01  -4.4044615e-02  -9.3198202e-03  -7.3268138e-02  -3.3743176e-02   3.1116854e-03   3.6649360e-03  -1.4630070e-02   1.1490363e-02   3.8473915e-04  -5.6288778e-03   1.8795508e-04   2.1079636e-02   2.0916203e-02   1.2852725e-03   1.9286708e-03
  -1.4074132e-04   2.9187380e-03   1.2242613e-03   2.4897236e-03   6.5541478e-03   1.0478428e-03  -1.2005656e-04  -2.8151153e-03  -7.1928246e-04   6.4446977e-03   8.8727378e-03  -1.0061560e-02  -1.5385403e-02  -5.2177240e-03   5.6515272e-03   6.2515474e-03   1.2620027e-03  -7.8976846e-03  -1.7476546e-03  -4.8452734e-02   1.7488275e-01  -5.9054963e-02  -4.5022312e-04  -3.5262157e-02  -2.9807021e-02  -1.6265919e-02   2.6961904e-02   9.5795418e-05  -3.3926225e-03   2.0868686e-03  -1.9829556e-02   1.1489318e-02  -2.3273999e-03  -1.4247462e-03
  -3.8597551e-03  -5.5372229e-02   1.7362926e-03  -4.6873746e-03  -3.5667940e-02  -1.8030826e-02   4.7892180e-03  -1.3336459e-03   3.3179205e-01  -6.5869638e-02   2.8425669e-03  -1.1781779e-02  -6.4829243e-03  -1.0409181e-02  -1.5433300e-02   3.8769267e-02  -7.7479029e-02   1.9124689e-02  -1.9031245e-04   7.8082254e-02   3.1681756e-03  -2.6509261e-01  -5.2094587e-03  -1.5378193e-03   2.2996930e-02  -1.0825999e-01   7.0944084e-03   1.0683609e-03  -2.9800079e-02  -8.0673026e-03   2.0962790e-01   2.2743143e-02  -3.2122203e-03  -2.1583898e-03
   7.3496056e-04   3.1568466e-02   3.0671255e-03   2.8547676e-02  -9.9807462e-02   1.0853032e-02  -2.2749755e-02   7.2237186e-03   1.5266284e-01  -8.8109575e-02   1.6555176e-01   2.7852066e-02  -4.1186428e-02  -1.1834472e-01  -2.1058891e-02  -7.6076140e-02   1.0123365e-01   5.3566424e-02  -4.0008040e-03  -5.1357372e-02  -5.8086098e-03  -3.1521487e-02   7.1319088e-03   8.9349515e-03  -1.9760090e-02   1.3703809e-01   2.8798028e-02  -4.3822706e-04  -4.5065724e-03   1.1174211e-02  -1.2741326e-01  -6.0224222e-02   3.9904660e-03   2.3798512e-03
   2.0070574e-04   3.5229938e-02  -1.3355748e-03  -9.5749673e-02   4.9113512e-01  -4.5026257e-02  -1.0210190e-03  -1.8951673e-03  -8.0396933e-03  -7.1371793e-02   6.2293705e-02  -3.0660262e-02   1.5231080e-02   1.0405447e-02  -3.8497234e-03  -7.1194610e-02   3.7790368e-02   2.9140726e-02  -1.9980021e-03  -1.0896645e-02  -1.2601708e-03  -2.3966581e-02  -1.1315428e-02   6.0185498e-03   2.1584933e-02  -2.2248590e-01   6.4026539e-02  -1.2428971e-03   1.9186301e-02   4.6957963e-03  -2.0098229e-01   1.3529298e-02  -2.5400699e-03  -1.0512669e-03
  -1.7098413e-03  -3.3444737e-02   2.2560350e-03   4.3409721e-03  -2.2390186e-02  -4.7092801e-03   6.4976342e-03   1.8704834e-04  -9.9946548e-04   2.3687626e-02  -5.8906916e-02   9.1664295e-03  -2.0997104e-02   4.2407987e-02   8.8414346e-03  -1.9156429e-01   3.0396351e-01  -5.2241406e-02  -2.1116821e-03  -7.1345340e-02   2.8685024e-03  -1.3883949e-02   1.8403798e-02   3.3312704e-03   3.5566198e-03  -7.2870860e-02  -6.2689734e-03   2.2557125e-03  -1.2240275e-02  -3.7166953e-03   1.2589988e-01   2.2430535e-02  -7.0795112e-03  -6.6963013e-03
  -2.5679054e-04   1.9776086e-02  -1.6363339e-03  -1.6318196e-02  -2.4273428e-02   9.6856074e-03  -2.6759379e-04  -2.8899406e-03   2.5044839e-06   1.2083154e-02  -6.5256228e-03  -1.6210322e-02   1.9993393e-02  -3.9587021e-03   7.4198106e-03   2.0990572e-02  -2.6771259e-02   3.3079843e-03  -8.8947998e-04  -2.9006559e-03  -3.6463781e-03   2.7239059e-02   1.6302580e-02  -3.0786324e-03  -4.3771135e-02  -8.1584883e-02   2.9609177e-01  -1.6585784e-02  -1.7311629e-01   3.0934217e-02  -1.2991894e-03  -3.1945829e-02  -3.6476006e-03  -2.7518919e-03
   2.3379256e-03  -8.7882246e-04   2.1231652e-03   1.3845708e-02   1.6179408e-03  -3.0162899e-02  -1.2341863e-01   2.3554175e-03  -3.4727991e-02   2.1677318e-01  -1.3268144e-03  -2.6523808e-02   1.3499326e-03  -3.5198046e-02  -6.5062595e-03  -9.6927367e-04   8.4763501e-04   3.5557964e-03   3.9678956e-04   1.4821358e-03  -2.7028729e-03  -1.2936257e-02   1.4771356e-04   9.6172178e-04  -1.0686169e-03  -2.4119703e-03  -1.8682726e-03   4.1441824e-03  -9.8346884e-04   6.9949846e-04   2.7996706e-03   8.7819337e-03   9.5657881e-03   2.0249445e-05
  -9.7791802e-04  -5.1506337e-03   3.9029088e-04   6.5765595e-04  -6.2212855e-02  -2.6172315e-02   2.9557799e-03   1.7843265e-01  -8.0840399e-02  -7.5481348e-02   1.6127746e-02   8.0301349e-03  -3.5807904e-03   1.8326753e-02  -3.4682791e-03  -2.8898286e-03  -3.8123684e-03  -9.3978383e-04   8.1650353e-04   4.8693392e-03   5.8067782e-03  -4.1330381e-03   9.7995460e-03  -4.2827983e-03  -1.7385475e-03  -1.7442968e-02   2.5808498e-03   1.2386207e-03  -5.4030951e-03   1.0608789e-04   3.3581057e-02   1.3995031e-02  -1.8977152e-03  -1.2414556e-03
  -2.4544629e-03  -2.3089853e-02  -3.9215983e-04  -3.3829488e-03  -1.9032144e-02   4.5636686e-03   6.8303345e-03  -2.9631019e-04  -7.4938165e-02   3.6555657e-02  -9.1156006e-03  -2.6726873e-02  -8.8411319e-03  -1.2561767e-02  -2.1214432e-04  -3.3103183e-02  -5.8481176e-02   2.4080543e-01  -8.2449439e-03  -7.3648661e-02   1.9354272e-03  -1.8038105e-02  -1.7362968e-02   6.8587194e-03   3.8849270e-03  -1.2909958e-02  -1.4140765e-02   1.1564511e-03  -7.6147306e-03  -3.9855225e-03   9.6427718e-02   2.1749801e-02  -2.9056707e-04   2.4559181e-03
   1.2243653e-03   1.7623518e-02  -1.8719641e-03   4.0307887e-03  -8.3588522e-03   3.0114336e-03   1.7303375e-03   3.3180520e-03  -5.3331649e-02   1.6531538e-02  -4.2456614e-03  -1.4058919e-02   2.5550149e-01  -7.6950834e-02   1.0208093e-02  -1.0943831e-02   2.0663791e-03  -7.4431713e-03  -8.1263867e-03  -1.9527101e-03  -2.2591109e-03  -1.3918403e-01  -1.8282469e-03   2.9507253e-03   1.1320727e-03   6.3878774e-02   5.7400769e-03  -1.1078026e-03   2.9832887e-03   3.1825914e-03  -6.4168243e-02  -9.1808207e-03   2.9792184e-03   1.8451415e-03
   2.6357039e-04   1.3368602e-03  -9.8002417e-04  -1.1563367e-02   2.8562911e-02   2.8359596e-04  -1.4829755e-03  -5.8195313e-03  -1.4917606e-01  -5.4128560e-02  -2.3186414e-02   3.3287234e-01  -7.2039432e-03  -1.0936894e-01  -5.4383606e-03   1.2364923e-02  -1.4217313e-02   2.0503824e-03  -2.9655989e-03   1.0851976e-02   2.7867498e-03  -2.5026233e-02  -3.9703743e-03  -7.9504623e-04   1.4833780e-03  -3.9906845e-03   7.8306241e-03   1.1079624e-03  -6.4463376e-03   2.9415375e-05   7.2906122e-03   1.7323464e-02  -5.6564467e-04  -1.0497564e-03
  -1.1268997e-03  -5.3940070e-03   7.5539276e-04  -3.2339261e-03  -6.7016538e-03   1.2307599e-03   3.8311951e-04   4.0230215e-03   3.0887618e-02   2.8002787e-03  -1.6938275e-02  -6.8628844e-03  -1.3405128e-03  -1.1329981e-01   1.9361793e-01  -1.0475455e-01  -9.5192367e-03   2.1533788e-02   2.7224387e-03  -5.9442627e-03   5.3347997e-04   2.5891267e-02   2.1173652e-03  -1.5759783e-03   4.7048385e-04  -1.8828426e-02  -6.9495281e-03   1.2715038e-03   1.3168143e-03  -1.0937555e-03   2.5762944e-02  -1.1631250e-02  -1.2769856e-03  -2.3029419e-04
   1.8372678e-03   7.3809921e-03  -3.6148208e-04   2.6617404e-02  -1.1152369e-01   8.3446925e-03  -1.8362031e-03  -3.2684703e-03  -4.8031351e-02   1.3122663e-02   2.2068689e-06  -1.4862349e-02  -1.8444371e-02   5.7423158e-03   1.7280413e-02  -2.1282811e-02   7.9313868e-03   7.0242129e-04  -6.7688143e-03   4.6009846e-03  -4.6630905e-03  -2.8890139e-03  -1.0436420e-02   4.3346237e-04  -4.0789772e-04  -4.9080094e-02   3.8127928e-02  -2.6519714e-03  -1.1088613e-02   5.7168048e-03  -2.1810255e-02   1.8763300e-01   6.9491647e-05  -3.3054939e-04
  -1.6927175e-04   6.1894876e-04   2.9942532e-04  -7.7314120e-04   1.9241253e-02   3.6409343e-03   6.9572108e-05  -7.8720033e-03  -2.7356268e-02   4.4792055e-03   7.5242895e-03  -3.5555818e-03  -1.3623437e-02   2.6646507e-02  -1.8670268e-03  -5.2036959e-03  -1.2439451e-02   1.3982424e-02   8.7164838e-03  -9.6427235e-03  -8.2986499e-03  -8.8844684e-02   1.8836788e-01  -9.5741840e-03  -2.9365781e-02  -6.5748018e-02  -9.4647796e-03   3.5316438e-04   1.0483198e-02  -1.6866050e-03  -1.3956246e-03   9.5055654e-03  -2.8720091e-04   1.3374027e-03
