   3.6149686e-01   1.0993450e-01  -8.6082025e-02   1.7816848e-01   5.5341360e-02  -1.9022815e-01  -6.5650260e-02  -3.0255323e-02  -3.9133947e-02  -2.7648029e-01   1.5412326e-01   1.4471840e-01   3.9103400e-01  -2.5900076e-01   1.6468983e-01  -4.9792430e-03   7.3238017e-02  -3.8812649e-01   1.7279543e-01   5.3610234e-02   2.0962777e-03  -1.9087972e-01  -9.6198388e-02   7.7911706e-02   1.9192305e-02   2.1320634e-01  -2.6908193e-01   6.6299929e-02  -6.9888708e-01   1.3346768e-01   1.3596510e-01   5.7834801e-02  -1.3518778e-01   2.5804048e-01
  -6.6903019e-02  -7.7544246e-02  -6.0702749e-03  -2.8308310e-02  -1.0913921e-01  -7.8476371e-02   3.5320653e-01  -5.3242778e-03  -5.8988363e-02   7.1933954e-02   2.1506902e-01  -3.4377532e-01   2.6522697e-03  -1.4136061e-01   3.0621656e-01   1.6443730e-03   2.8159333e-01  -2.6103327e-01  -1.7929036e-01   7.5697073e-02   2.7455913e-01   1.7763391e-01  -9.5665924e-02   8.4757372e-02  -1.0634568e-02  -1.3003561e-01   1.7749603e-01  -1.3642072e-01  -4.5784947e-02   5.3866063e-02   3.9342774e-02   1.9676479e-01   1.3724325e-01   1.1206420e-01
  -1.6798612e-01   2.9592322e-02  -6.1909438e-02   3.8904020e-02   2.7087734e-01   2.7711465e-02   1.9770462e-01  -3.5163131e-02  -6.5217235e-02   2.4418333e-01  -3.6874427e-01  -1.9364641e-01   1.6235556e-01   5.5304038e-02  -1.7292229e-01   2.9786574e-02  -2.8686130e-02  -1.3695981e-01   6.2327307e-03   7.8419309e-02   2.7855075e-01  -1.6226162e-02   1.8171831e-02  -4.1800857e-02   4.5234336e-02  -1.2070875e-01  -5.7496002e-02  -1.9918226e-03  -8.3608473e-02   1.8014869e-01  -6.9361924e-02   2.7702129e-01  -1.6448157e-01  -1.0250212e-01
  -1.4412093e-01   2.4402773e-01  -4.3041025e-02  -2.7736492e-02   1.8208073e-01  -1.9827457e-01   2.5247622e-02   1.3380822e-01   9.8930680e-02  -1.5677366e-01   4.5666221e-02  -9.5527025e-02  -1.8408766e-01   9.3898760e-02   3.0745268e-02  -3.9768723e-02  -1.5805842e-01   3.5954637e-01   4.3799597e-02  -1.8569351e-01  -4.9878891e-02   4.8875384e-02  -7.8652928e-02   9.1903886e-02   1.3650655e-01   9.6303983e-02  -2.8170874e-02   3.0646248e-02  -3.0732973e-01   2.4944655e-02  -7.4104836e-02  -2.1063140e-01  -6.7406490e-02   2.7197438e-01
  -3.9642253e-02  -4.3791334e-02   3.6739040e-02   7.8532851e-02  -2.2894523e-01  -5.3144709e-02   8.6595216e-03  -3.1169953e-01  -2.6096627e-02   5.3167156e-01  -2.3157427e-01   1.1983635e-01   3.4056930e-01  -2.0920077e-01  -2.1790013e-02  -1.3507863e-01   3.6636946e-01  -2.3595377e-01  -2.5964797e-01   1.9557419e-01  -1.9618664e-02   5.0761938e-03   1.0798615e-01  -1.1505536e-01  -1.6456605e-01  -4.9997200e-02   9.5410478e-02  -6.3302103e-02   2.8575149e-01  -1.5533543e-01   6.8029430e-02   5.2779058e-02  -2.5751035e-02   1.4759375e-01
  -6.5634782e-02  -2.2448137e-02   1.4067627e-03  -1.9607179e-02   6.1538195e-02  -5.6230546e-03   6.6381159e-02   9.7681539e-02   1.3669295e-01  -7.4430464e-02  -3.5717088e-01   5.4443680e-02   1.3469669e-03   1.5305086e-01   1.9340647e-01  -1.1730042e-01  -2.3728411e-01   1.5611283e-01  -1.3470017e-01   3.6167983e-01  -6.0569448e-01   8.2768342e-02   8.4118942e-02   1.9216966e-01   1.3615315e-01   5.2173008e-02  -1.8531027e-01   9.9818877e-02   8.1947786e-02   6.0547969e-02   6.6030702e-02  -3.0741815e-01   4.8970944e-02  -5.7664113e-02
   4.4238550e-02  -4.4879110e-02  -3.6431657e-03   7.5568474e-02  -1.5409245e-02  -3.7519475e-02  -1.3700938e-02   1.7550350e-02   7.3191467e-02  -6.8248207e-02   1.9724667e-01  -9.6095450e-02  -9.1967630e-02   1.4409691e-01  -8.4834733e-02  -4.6962553e-02  -2.5245901e-01  -1.1045187e-01   5.1210069e-02   4.1311145e-01   2.4859348e-01   1.6383804e-02  -6.8660241e-02  -9.5354285e-02  -1.7816344e-01   7.1700216e-02  -1.0853399e-01  -9.4430638e-03   1.3374440e-01  -6.3957754e-02   5.9437216e-02  -1.3472616e-01  -3.8626177e-02   6.0960004e-03
  -1.2944438e-01   3.2546247e-01   1.0792068e-01  -2.5771372e-01  -1.1236690e-01  -2.5044272e-01   6.9031513e-02   3.1429891e-01   1.3089226e-02  -9.8163452e-02  -4.6064424e-02   3.8614655e-02   7.0148378e-02   2.8106559e-02  -1.9568356e-01   3.5928395e-01  -2.7189800e-02  -1.9406903e-01  -6.2537784e-02   4.9119232e-02   1.2062892e-01  -1.4706607e-02   2.0583858e-01  -1.5903674e-01  -9.0971180e-02   2.6032964e-02  -2.0646659e-02  -7.2250644e-03   2.2079046e-01  -8.3195352e-02  -3.4847573e-02  -1.9478670e-01  -1.6421694e-02   3.9829914e-02
   2.4344611e-02   9.1981126e-02  -2.8017604e-02   5.3322777e-02  -5.9814679e-02  -4.0825497e-02  -2.6979480e-02  -3.6381573e-02   2.6989850e-02  -4.4446049e-02  -8.8160507e-03   1.2343708e-01   5.4767639e-02  -1.1088010e-01  -2.8754505e-02   2.7361141e-02  -4.3920991e-02   4.6274763e-01   3.6135537e-02  -1.6986334e-02  -1.3365963e-01   7.8047528e-05  -8.6925175e-02  -1.5828407e-01  -2.2006108e-02  -2.2090361e-02  -3.9905701e-02   8.2872935e-03   6.7298598e-02  -5.8744137e-02  -8.8596155e-03  -3.9492884e-02   4.3267866e-02   3.9515093e-02
  -1.4540248e-01   3.9139242e-02   6.8773260e-03  -1.4762794e-01  -1.1884649e-01   2.9567217e-01   3.7189283e-02   7.9638636e-02  -6.8630236e-03  -2.7841254e-01   1.1832823e-01   2.3003775e-01  -1.8218845e-01  -3.3749194e-02  -1.2439086e-01  -1.1930911e-01   2.2026031e-01   1.3003072e-01  -8.9736738e-02  -1.5897057e-01   3.2313088e-01   1.2806215e-01  -2.3504431e-01  -2.3509200e-02  -1.2275238e-01   6.9251754e-02   1.8853942e-02  -5.4448818e-02   3.8722850e-01   1.8167174e-02  -9.4020912e-02  -7.0122951e-02  -5.1512084e-02  -1.5678845e-02
  -2.5731340e-02  -3.9355900e-03  -7.1697328e-02  -4.6090808e-02  -6.5289319e-02   1.1832863e-01   4.9273316e-02   8.5238118e-03   4.1673185e-02   1.1757108e-01   6.4763193e-02  -2.5160768e-01  -3.5336544e-02   6.5983197e-02  -2.6099527e-02  -8.7183500e-02   6.0329123e-02   1.0226605e-01   6.9098086e-02   4.7054693e-02   1.0890639e-03  -2.9899283e-01   2.5686732e-01  -2.7996514e-01  -2.8349005e-02  -2.4685015e-02   6.6098118e-02   3.3284520e-02  -3.0903425e-02   8.6381206e-02  -6.4317881e-02   1.1776523e-01   2.6965484e-02   3.0685989e-02
   1.1249450e-02   9.3428238e-02  -3.2533490e-02  -6.8844536e-02   4.1937821e-02  -7.5294364e-02   5.2800688e-01  -5.2306645e-02   2.1259536e-02  -2.7827846e-01  -1.7035930e-01   4.2414602e-02   9.9712523e-02  -1.4070622e-01   3.9556966e-01  -1.5289410e-01  -1.3179902e-02   2.1245340e-02  -6.1419196e-02  -1.0880727e-01   1.8725857e-01  -4.2685060e-02   2.0299251e-02   2.7015529e-02  -5.7295815e-02  -2.5621622e-02   1.3012776e-02   6.8585493e-02  -1.4456762e-01  -1.7088444e-03   7.7625312e-02  -9.0793378e-02  -6.8493147e-02  -3.6096294e-02
  -6.2553496e-03  -1.8560179e-02   5.6229602e-02  -5.7103548e-02  -3.9956688e-02  -1.5622627e-01   3.8918578e-02  -1.1182534e-01   1.1223334e-01  -9.7935995e-02   2.5822221e-01  -1.2095338e-01   1.7202735e-01  -7.2926032e-02   7.6237180e-02  -6.7977735e-02  -3.6282002e-01   2.9541109e-01  -1.3549505e-01  -1.3923492e-03  -6.1142251e-02   9.9735671e-02  -3.2447583e-02   1.3006460e-01  -1.6474077e-01  -7.6086333e-03   3.8931699e-01  -6.0868310e-03  -4.1233289e-02  -1.3588874e-02   1.2220301e-01  -1.5577586e-01   1.6074855e-02  -5.0519823e-02
   6.8971107e-02  -8.2697207e-02   1.7778858e-02   7.7441633e-02  -8.2597003e-03  -8.6972772e-02  -2.9323830e-02   5.1260013e-02  -2.3975879e-02  -1.5418713e-01   5.5441125e-02   2.6332118e-02   1.6716818e-01  -2.4070218e-03   2.4178369e-02  -1.6040203e-01   3.1050027e-01  -3.7988793e-01   3.8700857e-01  -1.1237947e-01  -4.3597599e-02  -1.7365446e-01  -8.6950010e-02   1.3148913e-01  -1.0458112e-02   4.9485078e-02  -5.2580751e-02  -3.0080298e-03   1.3169720e-01  -9.1157243e-02   1.4172388e-03   2.6812673e-02   2.8359231e-02  -1.9514731e-02
  -1.9038344e-02   1.0510938e-01  -8.7435503e-03  -7.8719426e-02   2.5542803e-02   1.4799713e-01  -9.7676882e-02  -2.5817084e-01   4.4871893e-03   2.5389625e-01  -2.0732055e-01   1.7493971e-01  -7.0137267e-02  -1.3499204e-02   8.0085574e-02  -2.2084530e-01   8.3050509e-02   8.4141243e-02  -8.5051264e-02   1.2439614e-02  -1.0973968e-01   2.4325993e-02   7.0550185e-02   2.0964278e-01  -9.2123861e-02  -2.4391661e-01  -1.7690176e-02  -2.6750614e-02  -4.0314499e-02  -2.3933681e-02   1.5837933e-01   1.3964952e-01  -2.9554325e-02   4.3035869e-04
  -1.9196552e-01   1.8387183e-01  -1.9716348e-02  -2.0679973e-01   3.5765711e-02   5.2868840e-02  -8.7410323e-02   7.2475917e-02   4.2687406e-02  -2.7045197e-02  -6.6052328e-02  -9.8816379e-02   1.6694953e-01  -9.8055141e-02   3.1669387e-01  -2.0319631e-01   3.3643062e-02  -1.8208213e-01   9.3144487e-02   5.1583012e-02  -5.1133120e-02   6.6779936e-02   2.1040363e-02  -4.8459122e-02   2.1260935e-02   4.0454351e-02  -1.7800470e-01  -3.8547251e-02  -1.6268531e-02   2.8180997e-01   5.7452626e-02  -1.3696385e-01   5.0251413e-02  -3.0019400e-02
   2.6591859e-02   6.0391610e-03  -2.2489907e-02   6.4217333e-02   3.6240453e-02   6.3294081e-02   2.8106587e-02  -6.0648601e-02   4.7488155e-02  -1.2405373e-01  -1.2970590e-01   1.2109667e-01  -6.0281739e-02   1.9189146e-01   1.4878432e-02  -5.6653870e-02  -1.4633023e-01   2.9025181e-02   1.0212231e-01  -6.4260536e-02   1.7753704e-01  -8.0691603e-02  -3.5772584e-03  -6.2900296e-03  -6.0856211e-02   1.8910117e-04  -2.3852997e-03   9.0104265e-03   1.4435131e-01  -1.3987419e-01  -1.0773585e-01  -9.5256047e-02   9.7538694e-02   9.6235874e-02
   4.8355650e-02  -1.2443615e-03   2.3986469e-02  -1.5937902e-01  -1.1476576e-02  -6.6449039e-02   2.1194634e-02   8.4235503e-02  -1.1512050e-01   2.3824977e-01  -2.2817953e-01  -2.5681945e-01  -4.9620449e-02   2.7928117e-01  -1.4896719e-01   1.2909610e-01   9.5625571e-02  -2.6097369e-02  -3.7491544e-03  -1.0498805e-01   7.6147423e-02   8.9274899e-02  -8.1482576e-02   1.7047162e-01  -3.4002475e-02  -5.7661384e-02   5.3800600e-02   1.9613663e-02  -2.9185715e-02   9.2468881e-03   9.3759472e-02  -2.5849415e-02   2.0109721e-02  -4.9649823e-02
  -3.2646657e-03  -5.8179487e-02   3.8133961e-02  -5.9066255e-02  -1.8346792e-03   4.8649859e-02  -8.7466466e-02  -1.3932507e-01  -4.8517868e-02   1.1027686e-01  -7.6761892e-02  -2.1838291e-02  -6.3069181e-02   3.5421473e-01   1.1912464e-01  -1.6000388e-01   9.6476160e-02  -1.2267239e-01  -3.8447867e-02  -8.6277690e-02   8.5096111e-02  -5.2672424e-02   2.4046395e-02  -7.0372874e-02   7.9546102e-02  -1.5457461e-02   8.4054936e-02  -3.3480782e-02   4.9764260e-02   2.0190130e-02  -3.6794924e-02   1.1465277e-01  -3.5349205e-02  -2.4354668e-02
  -8.7444964e-02   1.9530122e-01   4.1942971e-02  -3.1378154e-02  -5.6646278e-03  -8.2847718e-03   5.9038047e-02  -1.5070253e-01   2.1448758e-01  -9.6166000e-02   9.0478947e-02  -1.0161174e-01  -2.0370408e-01   1.4690422e-01  -1.3967654e-01   1.7999690e-02  -1.0617195e-02   8.3352714e-02   9.7786924e-02  -5.9517997e-02  -4.0502183e-02  -5.5100877e-02   2.4560869e-02   4.0880337e-02  -3.4526788e-03  -5.5746978e-02  -1.3940506e-02  -5.6699345e-03   1.9684530e-02   2.7148134e-02  -1.4167468e-01   1.5806689e-01  -8.3298651e-03  -9.6241417e-03
  -3.2827817e-02   1.7623554e-02   1.7342562e-02   8.5026091e-02   2.9423920e-02  -1.4880690e-01  -7.1993817e-02  -3.6212687e-02   6.4510389e-03   1.1342742e-01   3.8145046e-04   1.0539827e-02  -1.0969764e-01  -6.8362582e-02   9.5439328e-02  -3.4492766e-02  -4.5597941e-02   1.7293736e-01  -5.4970232e-02  -7.3232948e-02   2.0542168e-01  -1.8789356e-02  -4.0255515e-02  -1.4359538e-01   1.3953389e-01  -2.9884707e-02  -1.6747422e-01   8.6564422e-03   3.8515723e-02  -4.4541727e-02   2.3800873e-01  -7.8063557e-02   6.4897834e-04   2.1851118e-03
   9.3949485e-03  -1.6544697e-02   3.9333021e-02  -2.8004210e-02  -2.6311775e-02  -6.8281930e-02   1.3224493e-02  -1.7171367e-02  -3.0500162e-03  -1.7896993e-01   5.4107976e-02   3.7023771e-01  -1.1299490e-01  -1.9839423e-01   1.0972054e-02   5.4796684e-03  -9.6422711e-03   8.3330731e-02  -2.7461821e-02  -4.1426486e-02   7.4996885e-02  -3.9794383e-02   2.1110432e-02  -1.1571639e-02   1.5508761e-02  -2.7005591e-02  -2.2417276e-02   1.7438322e-02  -1.3941136e-02   3.3829307e-02  -1.2999753e-02   1.2416661e-01   9.9294493e-03  -1.5003190e-02
   4.5181664e-03   8.2589433e-02  -1.3043967e-03  -9.7744958e-02   9.7830593e-02  -4.7637451e-02   5.2223032e-02   3.4625045e-02   3.1166453e-02  -2.3306680e-02  -1.2284500e-02  -4.3374521e-02  -3.8335159e-02   6.4323832e-02   7.4781809e-03  -9.9393693e-02   5.2503248e-02  -6.7727908e-02  -6.2315626e-03   1.3274758e-01  -3.5871096e-02   6.8135748e-02  -7.6838863e-02  -1.5055256e-01   3.8149003e-02  -4.3587268e-02   1.5028114e-01   1.8153060e-02  -7.0859698e-02  -4.9602374e-02  -3.0127265e-02   1.2717528e-02   8.0328615e-03   2.9210319e-02
   1.8489230e-02   2.4479335e-02  -1.2473992e-02   4.2757579e-02  -9.4573855e-03   1.2198301e-02   3.5381033e-03  -3.5604411e-02  -3.8970599e-02   8.6001418e-02  -3.4929695e-02   8.3151462e-02  -2.0984710e-01  -4.4903513e-02   6.6193985e-02   3.2883537e-03   2.3925137e-02  -2.7840236e-02   2.1021435e-02   1.6517836e-02  -1.3179742e-01   3.8470249e-01   7.3546906e-02  -3.4389436e-02  -2.8186020e-03   3.1430562e-04  -4.6957905e-02   2.0906818e-02   4.8177877e-02  -5.5805640e-02  -2.6268734e-02  -1.9811690e-01  -1.0986666e-02   1.8274970e-03
  -3.3057986e-02  -9.7183133e-03   2.5730649e-02   1.5618579e-01  -7.6235093e-02  -7.3057306e-03  -2.2917303e-02  -3.5058419e-02   8.5248317e-03   2.2813952e-02  -6.7660017e-02   2.3522867e-02   4.9617066e-02  -5.5444981e-02   5.8050368e-02  -1.9621731e-02   7.5980322e-02  -6.1805413e-02  -3.9974471e-02   8.8460405e-03   6.9840127e-02   5.9423874e-03   5.0620760e-03  -6.2067233e-02   1.5481497e-02  -4.3571404e-02   9.3448689e-02   2.3388615e-02  -1.1123232e-01   4.4657621e-02  -4.6369038e-02  -7.1443418e-03   1.3320846e-02   5.9418073e-03
  -1.3497690e-02   1.1006184e-01   5.0298557e-03  -1.8512849e-02  -1.2899580e-02   3.8163897e-03  -1.8844082e-02  -8.0346493e-02  -6.5735545e-03   2.8643316e-02  -4.3628684e-02   9.0215367e-02  -7.8050370e-02   7.7692911e-03   2.8961389e-02  -3.7449516e-02  -3.5670691e-02   7.5242591e-02  -2.5437120e-02  -6.0174204e-03   4.7413521e-03  -3.2054471e-02  -4.8878968e-02   3.9337048e-02  -3.2726213e-02   2.8633560e-01  -8.3684086e-02   9.9641268e-03  -1.0285414e-01   2.7131673e-02  -7.0882875e-02   1.8034013e-02   9.9655547e-04  -1.0831750e-02
  -7.1814161e-03  -1.0555028e-02  -3.9022323e-02   3.6220118e-02   9.7318531e-02   4.6710938e-03  -6.9300863e-03  -8.8439392e-02   4.8321638e-03  -3.9135195e-02  -5.1327310e-02   8.9828487e-03  -1.3462341e-01   1.1737898e-02   5.5495817e-02   1.5681609e-01  -3.4828932e-02  -8.0115671e-02   7.2192182e-02   3.5796877e-02  -6.0807167e-02  -2.6903217e-02   2.7137134e-02   1.2253161e-03  -4.5627515e-02  -2.1103771e-02   5.2738401e-02   3.3056217e-03   2.0158856e-02   2.1007790e-02  -1.6844086e-02   8.3145694e-02   8.1831867e-03  -1.9394231e-02
  -2.7886382e-02   5.7135225e-02  -3.1677837e-03   7.8726781e-02   9.6778701e-02  -2.2469772e-01  -7.6999558e-03   1.6920166e-01  -5.1164357e-02   1.2320471e-01   1.8419552e-02  -8.1817616e-02  -7.7909319e-02   7.2564562e-02   2.5721158e-02  -9.5017308e-02   2.2742619e-02   7.6273163e-02   2.7243997e-02  -5.2208105e-02  -7.9701491e-03  -4.5728793e-04   3.3198738e-02   4.1799055e-02  -5.8653033e-02  -1.3552842e-02  -3.7854019e-02   1.0081108e-02   9.3139728e-03   3.6116696e-02  -7.7884933e-02  -6.4208408e-02   2.9660473e-03  -1.3360043e-02
  -2.8121454e-02  -1.1945071e-01   8.3561371e-02  -1.4168053e-02   2.0758568e-01   2.6968398e-04   2.7574914e-02  -1.2451313e-01  -2.6344469e-02   5.2058371e-02  -2.6149141e-02   3.8331073e-02  -1.0719392e-03   5.7028476e-03  -1.8756440e-02  -1.4369924e-02   4.9699270e-02  -2.6962961e-02   2.1327100e-02  -1.6475091e-02   5.7283675e-02   2.8743711e-02  -2.0855523e-02  -4.2841921e-02   5.0653964e-03  -2.3295282e-03   3.5948987e-03  -3.8435637e-02  -1.1835785e-02   1.5080807e-02   4.8879335e-02  -1.2511050e-01  -2.0481104e-02   4.7607457e-02
   5.9363072e-02   3.6748091e-02  -2.0631848e-02  -4.1263858e-02   1.8375226e-01  -1.4159095e-02  -4.5857781e-02  -4.2787184e-02   1.0083977e-02   6.0487594e-03   3.4589511e-02  -1.4480964e-02   5.3978563e-02  -5.5821148e-02   3.3581315e-02  -3.8478233e-02   6.2343394e-02  -2.1722816e-03  -7.4417960e-02  -2.1979325e-02   9.7730968e-02   4.0317605e-03  -3.8576597e-03  -5.9654953e-02   3.5684981e-02  -2.7301383e-02   6.8090784e-02   1.9310683e-02  -2.7197962e-02  -2.4772932e-02  -1.6036511e-01  -3.9269796e-02   1.4712203e-02  -2.0829766e-02
   1.8313433e-02  -3.6217035e-03   3.3954939e-02  -3.3863011e-02  -1.9962179e-02   6.8454868e-02  -1.1102992e-01   7.2569842e-02  -6.3720838e-02   8.9695541e-02  -1.3952873e-02  -5.2984039e-02   1.0221395e-02  -1.3259749e-01   1.6894566e-01  -2.7058799e-02  -5.3951117e-02   3.4630921e-02   4.5842722e-02  -1.4465551e-02  -3.1355136e-02  -2.3754506e-02  -7.4507258e-03   4.8793589e-02  -4.7134115e-03   1.6804489e-02  -2.1757741e-02  -6.3690446e-03   1.0387213e-01  -7.6481849e-02  -6.4978059e-02   5.9335355e-02  -1.9258491e-02   6.2425394e-03
  -3.8382002e-03   4.0218211e-03  -2.2971593e-02  -1.1707094e-02  -5.9706057e-03  -4.2807606e-02   9.1758889e-03  -7.4325441e-02  -2.3027209e-02   1.7466447e-01  -3.3282039e-02   6.5468149e-02   1.2347230e-02  -1.0819302e-01  -1.3202517e-02   9.3014298e-02  -7.7979244e-02  -2.7969429e-02   1.4911978e-01  -6.5697625e-03   1.1724317e-04  -4.7697397e-02  -8.6518731e-02  -4.1424041e-02   4.8821967e-02   1.8131169e-03   6.1586480e-02   3.5464476e-03   1.4348183e-02   2.3361509e-02  -1.3256272e-02  -1.1440832e-02   6.0153187e-03  -2.3593473e-02
   4.6303712e-03  -2.3436842e-02   1.4132955e-02  -2.7950717e-02   1.9251613e-02   1.9735325e-04   2.4876405e-02  -4.5153474e-02  -8.2745144e-03   1.7724066e-02   3.9917035e-02  -5.0340182e-02   3.3528579e-02   1.3703435e-02  -2.5895061e-02   5.2724015e-03   1.6613516e-02  -3.4482118e-02  -1.8064621e-02   6.5812107e-03   3.6569296e-02   3.2882019e-02   6.8149758e-03  -5.0597267e-02  -1.1746698e-01  -1.7143220e-02  -5.9542489e-02   1.6978849e-01   1.3747657e-02  -3.5605485e-02   7.1996610e-02   2.6417375e-02  -1.0184093e-02  -9.6127853e-03
   1.7755966e-02  -2.6264437e-02   2.5563530e-04  -2.1562699e-02  -2.0536770e-02   2.0062764e-02  -1.1889888e-02  -1.8545340e-03   2.4735731e-01   3.7900465e-02  -5.7396692e-02  -3.3780606e-02  -6.8967745e-02  -7.9651014e-02   7.7322465e-02   6.1256715e-02  -5.7617869e-03  -2.1278137e-02  -5.9070455e-03  -5.2778684e-03   2.7409111e-02  -8.5799262e-03  -6.1914405e-03   1.2046858e-02  -1.8997580e-02   1.9756433e-02   1.5486203e-02   9.5856576e-03  -1.6806257e-02  -8.0277976e-03   4.2686014e-02  -1.3478582e-01  -1.4249530e-02  -8.8456950e-03
