   1.9344952e-01   3.3257850e-02  -8.8768560e-02  -8.9182309e-02  -4.0087208e-04   4.1954962e-02  -6.6803954e-02  -2.2697760e-02   2.6990274e-02  -3.7057390e-02   1.2438558e-01   7.7718653e-03  -2.5895762e-02  -1.8133187e-02   3.7079720e-02  -8.2393311e-02  -4.9955370e-03   9.2526713e-02  -8.1130627e-03  -5.2717650e-02  -8.6344900e-03   6.1658846e-02   3.2847717e-02  -1.2150395e-02  -1.7164590e-01   3.3748070e-02  -3.2007032e-02  -1.1146983e-01   7.5322260e-02   2.1945586e-01  -2.3455759e-01  -1.8472773e-02   9.2575108e-02   1.6768502e-01
   5.9732408e-02   2.9412721e-02  -3.7888704e-02   2.9266492e-02   6.2998444e-02  -3.6980730e-02  -3.1346176e-02   1.3811879e-02  -4.1536142e-02  -2.4855473e-02  -5.2186351e-02   3.7131469e-02   5.2814335e-02  -1.4253317e-01   1.6260819e-01  -1.0776985e-01   7.6795954e-03   1.9301872e-01  -2.5364649e-02  -1.5120806e-01  -2.7630064e-02   4.8379603e-03  -1.3178962e-01  -5.0067835e-02   4.6365215e-02   1.1516806e-01  -7.0334756e-02   1.6245738e-02  -1.5888223e-01  -8.3699269e-02  -6.6088829e-02  -2.7484426e-02   1.9314978e-01   3.1044417e-01
  -6.5642252e-02   4.8878130e-02   4.5236658e-02  -4.5094313e-02   2.3321540e-01  -8.3408041e-03  -3.8026662e-02   1.9677338e-01   1.1613269e-01  -4.8140752e-02  -4.6355921e-01  -3.8352028e-02   3.8923056e-02   2.0814700e-01   1.0540960e-01  -2.3803627e-01   1.8312366e-02  -1.2810066e-01  -5.9506697e-02   5.9060468e-01   1.9774733e-01  -1.4684698e-02  -2.8644229e-01   1.0371209e-01  -6.1325789e-02  -4.7560784e-02  -2.9165288e-02   6.3431173e-02   7.7172663e-02  -6.3437345e-02   1.9312588e-02  -1.3840915e-01   6.2104789e-02   1.5066772e-02
  -4.8539824e-03   1.9857658e-02  -2.9387644e-02  -1.0215796e-02   1.3693629e-01  -5.0873521e-02   4.1167998e-02   1.6217444e-02  -2.2282339e-02   2.8029692e-02  -2.2480074e-03  -9.2737108e-03  -3.3590013e-02  -6.7530421e-03   5.4030641e-02  -7.4642362e-02   8.6442461e-03   1.0239452e-01   2.3876649e-02  -4.7916366e-02  -4.8110837e-02  -3.6956610e-02  -1.6797250e-02  -1.1477430e-02   1.2615069e-02  -1.2623946e-02  -3.1529265e-02   6.0283609e-02  -2.7914569e-02  -1.0669891e-01   2.5935581e-02  -3.8959711e-02  -1.0332188e-01   1.8901693e-01
  -7.5038493e-03  -4.5204610e-02   4.6682148e-02  -2.8242590e-02   4.1459466e-02   8.0663398e-03   5.4354017e-02  -7.4328579e-02   3.3307770e-02  -1.0661149e-02  -1.5575502e-01   5.9788302e-02  -5.4749382e-03   2.0123974e-01   1.8507555e-01  -1.0748040e-01  -1.9871828e-02  -1.6686668e-01   5.0870164e-02  -6.7497907e-01   4.8703672e-01   2.0622235e-01   8.0362350e-02  -1.0973722e-01  -2.9786678e-02   1.9288548e-02   1.6201170e-03   4.7153678e-02  -8.8741782e-02   1.4293001e-03   7.2048553e-02  -9.4639147e-02   7.1614357e-03   6.2017882e-03
   1.3333474e-02  -1.0069326e-01   2.2742682e-01  -1.3211556e-01   2.6369363e-01  -5.4706441e-02   6.3193149e-02  -2.5468549e-01   5.8226474e-02   1.7458208e-02   3.7963586e-01  -1.8708421e-02  -3.9902491e-02   6.3152601e-02  -2.0803924e-01   2.4343008e-01   1.4903701e-02  -3.0705963e-01   2.9374068e-02   1.8297892e-01  -4.1422331e-02  -1.0415445e-01   7.9101718e-02   4.8324306e-02  -1.9213492e-01   9.7436647e-02   3.9040903e-02   2.3065888e-02  -4.5766310e-03  -7.8769418e-02   9.3322959e-02  -1.1911098e-01   6.5571219e-03   7.8855316e-02
   2.9159603e-02   2.4873222e-02   4.1731870e-02  -4.7808258e-02   5.7635893e-02  -4.8261992e-02   1.2892209e-02  -8.6161268e-03   1.8549622e-02   1.0250272e-01   1.7055409e-01   2.9615607e-03   1.9057749e-03  -1.2511349e-02  -5.2083103e-01   2.1108172e-02   2.9513232e-02   7.3744644e-01   4.2156578e-02  -2.2518398e-01  -3.4792028e-01  -2.5300992e-02   2.0165973e-01   1.7655086e-03  -2.2615266e-02   2.1175905e-02   8.1502754e-03  -8.0808502e-03  -6.4202320e-02  -1.4914750e-02  -6.4980556e-02  -1.3920034e-01   4.6865762e-03   5.7784290e-02
  -6.8400419e-03   1.6265351e-02  -3.8379169e-02  -3.0015406e-03   1.2844038e-02   2.0166519e-02   5.8249313e-02   6.4330850e-02  -1.8052884e-03   2.3381508e-03  -3.2777824e-01  -5.1904504e-03  -4.3353460e-02  -8.3011717e-02   5.2020498e-01   1.7301844e-01   3.2628597e-02  -1.6130435e-01   8.0841620e-03  -1.3968677e-01   1.6898627e-01   7.2423487e-03  -2.6946969e-02  -2.2766612e-02   2.0352867e-03   1.0292411e-02  -1.6021984e-02   2.1150348e-02  -1.1866799e-02  -3.4276442e-03   2.6784790e-02  -1.2723488e-01   2.2528800e-02   1.6206306e-02
   7.6348296e-04   9.1991469e-03   9.3567230e-03  -4.9781407e-02  -2.4233597e-01  -8.2855228e-04  -1.9591220e-02   4.9177721e-02  -2.8452189e-02   1.3917822e-01  -2.0316418e-01  -5.7504266e-04   6.3082530e-02  -8.9901389e-02   1.3921656e-01  -8.4399177e-02  -1.2811221e-02   1.4129329e-01  -4.6962371e-02   6.9791559e-02  -3.4627994e-01   1.1112911e-01   9.3940110e-02   2.1431030e-02  -2.5552550e-02   1.0127338e-02   8.2239064e-03   1.6244561e-02  -3.6677099e-02  -6.9409444e-02   4.7064806e-01  -1.7429193e-01  -1.3964810e-03   1.2280469e-02
  -3.2534657e-02   6.8355450e-02  -6.5318042e-02   3.0650802e-01  -3.6639241e-01   2.4366967e-02  -9.1337264e-04  -1.6892883e-02   1.4905228e-02  -3.5492512e-03  -9.4308841e-03   3.4650083e-02   1.0945790e-02   1.5638592e-02   4.8733272e-03   1.2649061e-02  -3.1354239e-02  -3.3705416e-02  -1.9827112e-03   5.7174735e-02  -3.9528832e-02  -2.6823622e-02  -2.5767843e-02   1.4593078e-03   5.3162000e-03   2.4324326e-01  -9.1078148e-02   2.6778847e-02  -3.6578214e-02   5.5255287e-03  -1.1265130e-01   8.3268107e-02  -4.7786573e-04   5.5730923e-03
  -2.0921495e-03   1.0167572e-02  -1.5253025e-02  -1.4195317e-01   1.2389346e-01   9.1261668e-02  -4.7338399e-03  -2.3921700e-02  -4.8739173e-03  -8.5122353e-03  -1.0272178e-02   1.7475259e-04   6.7820733e-04   2.0761736e-02   1.5014951e-02  -6.5629059e-02   4.4728880e-02   2.0002058e-02  -2.6387033e-02  -3.0771493e-02   5.1226826e-02   1.0733924e-03  -3.5384847e-03  -2.9255324e-03  -8.2821769e-02  -1.1924323e-01   1.3013654e-01   1.2344412e-01  -1.2006637e-01   2.2062045e-02   4.2600009e-02  -1.2312379e-02   3.4832547e-03  -3.7078885e-02
  -2.6311056e-02   8.9554666e-03  -2.0635676e-02  -1.1289182e-02   7.0718483e-02   2.3911176e-02   7.7867388e-03   1.8081487e-02   9.6400636e-03  -6.6515099e-02   1.2193299e-01  -2.8566251e-02   1.8534164e-02  -1.1642253e-02  -7.3967886e-02   2.5264963e-02   2.9400376e-03   1.3881525e-01   2.7260577e-02  -6.7653408e-02  -1.9375961e-01  -1.0128471e-01  -5.6339695e-02  -7.7965355e-02   5.3626280e-01  -2.1608297e-02   1.9656393e-02  -2.6525109e-02  -2.4835600e-02   2.2380310e-02  -1.0346780e-01  -3.7893319e-02   1.1700114e-02  -5.8592162e-02
   1.1236659e-02   3.5596056e-03   1.8353313e-02   1.2518779e-02   5.5186113e-02  -2.4879826e-02  -5.1588015e-05  -8.7176401e-02   3.2557217e-03   5.4894654e-02  -9.1603234e-02  -7.0158713e-03  -2.2891928e-02   5.0692072e-01  -3.5163318e-01   1.6731464e-01   1.2175816e-02  -2.3731117e-01   8.1688223e-03   1.0212744e-01  -8.8940306e-02  -1.2017916e-01   1.8690013e-01   5.4285050e-03  -1.0875563e-02  -1.7374003e-02  -1.0000323e-02  -1.1073990e-02   2.0359500e-02  -1.2504643e-02  -2.0661934e-02  -1.0268089e-01  -6.2353291e-03  -1.7769700e-03
  -1.6833860e-02   2.0474132e-02  -5.7919083e-02   1.0666536e-02   2.1257272e-01  -1.5409032e-02  -4.5704636e-02   3.2782645e-01   1.1155356e-02  -1.8305356e-02  -3.5573879e-02  -2.7114446e-02   4.7083634e-03  -1.8656661e-02   1.2083932e-02   2.8683068e-02   4.6871384e-03  -3.0419507e-02  -3.3970087e-02   3.3349300e-02  -7.0101410e-02  -3.9569863e-02   9.1487178e-03   1.0461681e-02  -1.6795284e-02   1.4658072e-02  -8.9492955e-03   1.2131851e-02   1.1488178e-02   1.5812270e-02  -1.3630968e-01  -1.9258009e-01  -8.1122674e-04   2.8145193e-03
  -2.1878936e-02   1.3196744e-02   2.1544010e-02  -4.5414626e-02  -1.2787232e-01   1.5770686e-02   2.3937244e-02  -3.9084598e-03   1.9275814e-02   2.3340138e-02  -6.6958319e-02  -1.5431023e-02   3.5136689e-04  -1.1251252e-02   5.5427526e-02   2.0077457e-02  -1.6595980e-02  -1.3683732e-01   4.7531846e-03   2.7907066e-01  -4.3790517e-01   8.0890818e-02   5.4098656e-02   5.1871384e-02   4.6791981e-02  -2.1463024e-02  -1.3828298e-03   1.1710192e-02   1.4658409e-02   1.2452000e-02  -2.5053906e-02   2.2955151e-01   6.8250335e-03  -4.9336846e-03
   3.1850156e-03  -1.0084875e-01  -1.2827379e-02  -1.1303409e-01   1.7656880e-01  -3.4888787e-02   5.5653259e-02   4.6333476e-02   3.7906480e-02  -4.0876176e-02  -3.3162558e-02  -2.2264549e-02   1.6617442e-03   3.5846617e-02   9.9732515e-03  -4.1211151e-02  -8.2813331e-03   4.5419597e-02  -1.6994108e-02   2.2956665e-02   1.3689850e-02  -3.0492956e-02  -3.1163765e-02   2.2382970e-02  -9.4375612e-02   2.3494568e-01   1.6367293e-02  -1.1576656e-02   5.3196956e-02   4.6108258e-02  -8.3531658e-02  -1.8099404e-01   1.0073959e-02  -1.5681563e-02
   3.2616600e-02  -1.3187789e-01   2.4800773e-01  -4.7720315e-02  -5.1942312e-02  -3.5268640e-02  -1.2221230e-02   5.0351494e-02  -9.0226044e-03   2.5431402e-02  -1.2256095e-01  -2.3476153e-02  -2.5791018e-03  -2.3536444e-02   1.1883442e-01  -4.1417027e-02   5.7988252e-03  -8.0141747e-03   4.1203357e-02   3.8605115e-04   1.2759203e-03  -5.9190269e-02  -7.4165923e-04  -1.2437296e-02   4.1844277e-02   6.9286699e-02   1.4720195e-02  -3.2732598e-02  -1.0050656e-01   2.4626198e-02   3.9404493e-02   1.6346239e-02  -4.0502455e-02   1.8346921e-02
  -1.8523802e-03   3.1417826e-02  -6.4853194e-02  -1.4290817e-02   2.5654725e-02   1.6656381e-02   2.5791417e-01  -4.4715611e-02   5.2179398e-03  -4.6203383e-02  -1.5286679e-01   3.7442265e-04  -5.5722889e-03   6.9920997e-03   4.6075890e-02  -3.9057791e-02  -1.4821808e-03   7.0472910e-02  -1.1427412e-02  -1.2308234e-03  -2.0017020e-02   1.6095506e-02  -2.3801686e-03   5.4729713e-03  -2.4389939e-02  -3.1086405e-02   1.8226855e-02  -4.2211872e-03   2.6617561e-02  -5.9919646e-03  -4.5985618e-02   8.2394558e-03  -7.7350095e-03   1.4585654e-03
   4.8725881e-03   1.4090866e-02  -4.9663152e-03   2.6157307e-03  -1.6008972e-03  -6.5397901e-03  -7.4519893e-03  -1.0939625e-03  -9.2336592e-03  -1.2190570e-03   2.5218159e-02   4.0524118e-03   2.2345104e-04  -1.9541030e-02  -6.2250750e-03  -1.6942149e-03   7.7628554e-03   7.0534197e-02   4.1867315e-03  -1.0090936e-01  -7.8854974e-02  -6.1318589e-03   1.5053352e-02   1.8220199e-01  -5.6937933e-02   3.8040780e-03  -1.0701638e-03   4.8774491e-04  -1.4436268e-02   3.4262594e-03  -2.7855342e-03   7.6386802e-04  -2.2564145e-03  -1.3883487e-02
  -2.9728760e-03  -1.2343320e-02  -5.6170364e-03   3.3284050e-02   4.5177344e-01  -1.1450749e-02   5.9621102e-04  -1.8115264e-01  -4.0806798e-02  -2.1157046e-02  -2.2054576e-02   1.4735029e-02  -4.2676066e-02   3.3661761e-03   1.6606749e-02   1.0385883e-02  -1.0079999e-03   4.2973484e-02   5.9048462e-03  -1.8107488e-02  -1.9469261e-02  -1.2047784e-02   2.5561798e-02  -2.3046334e-03   1.0791414e-02  -8.8529651e-03  -7.3000746e-03  -1.4546180e-03  -5.2570538e-02   3.4712480e-02  -1.6929839e-01  -4.0886898e-02  -9.0808928e-04   3.1286700e-03
   1.2414028e-02   2.2919402e-02  -2.8620997e-02  -1.3260780e-01   4.8830821e-02   1.5484728e-01  -2.0531938e-02  -6.3412346e-02  -4.5473430e-03   1.8344249e-02   4.6454060e-03  -2.6694284e-03  -6.9079862e-03   8.5304858e-04  -7.2920044e-03  -8.4000299e-03   1.3020357e-02   3.0248765e-02  -1.9341080e-02  -1.7447125e-02   8.0339505e-03  -5.2365166e-03   1.5345264e-02  -1.3291371e-02   2.5149234e-02   3.1616474e-02  -1.0960843e-01   7.3062819e-02  -2.4460138e-02  -1.4496022e-03   6.5655722e-02  -2.6914627e-02  -2.3314221e-03  -2.2030383e-02
   1.4501968e-01  -6.7829131e-02  -7.8117947e-02  -1.1786232e-02   1.1246845e-02   2.3797685e-02   1.9235324e-03   1.7635011e-02   1.2663526e-02  -2.6079082e-03  -1.5538682e-02   3.4125919e-05  -1.0897133e-02   4.1547847e-03  -2.1414453e-03   3.9785727e-02  -2.0295242e-02  -6.5863548e-02   4.6781497e-02   4.1532568e-02  -2.2927674e-02   6.8128973e-03  -4.3696081e-02   5.2971149e-04   8.1062918e-02   9.3532981e-03   3.3136652e-02  -3.5981010e-02  -1.0631864e-01  -6.3396676e-02   7.8389865e-02  -1.4489522e-02  -8.8295388e-03   1.1596230e-02
  -8.1812550e-03   1.4672078e-01   1.3817590e-02  -1.5784625e-01   8.9485238e-02   4.1464477e-02  -2.1967455e-02  -1.4201582e-02  -1.1652331e-02   1.6478183e-03   5.4382980e-03  -4.4947590e-03  -8.7489093e-04  -4.3711320e-03  -5.9135558e-03   2.3820470e-02  -2.6686302e-02   3.0081295e-02  -1.7792431e-02  -9.6534195e-03   2.5275700e-02   9.0718254e-03  -1.2338997e-02  -1.8044473e-03  -3.3483332e-03  -1.9741159e-02   3.6174432e-02  -3.7285652e-02   3.9515083e-02  -4.2370456e-02  -7.0220792e-02  -6.4504601e-03  -4.3767794e-03   1.5708905e-02
   1.9778666e-03  -8.3601593e-03   1.3083522e-02   1.6132932e-02   2.7331071e-02   3.6265923e-03  -7.6039769e-03  -1.2956626e-01   2.7677629e-01   3.3138888e-03  -5.4483535e-03   4.3126898e-03  -2.3757557e-02  -7.1928910e-02  -6.5183807e-03   3.7439737e-02  -2.4558614e-03  -9.6058618e-03   6.0754776e-03  -1.4285794e-02   3.1280717e-03  -6.0465117e-03  -1.6289055e-02  -6.6236980e-04   9.0380258e-03  -1.2045337e-02  -1.4389246e-03   6.2002160e-03   3.0730520e-02  -1.4024940e-02  -6.1589874e-03  -1.1494100e-01  -3.0074744e-03  -5.0609561e-03
  -2.7791503e-03   5.1621090e-03  -9.8174696e-03   4.1289623e-03  -4.0470501e-02  -3.6447933e-03   3.5695837e-04   4.1903211e-02  -1.0673290e-02   1.2799199e-02   5.8934106e-02  -1.0573606e-02   6.7718743e-03  -1.8024959e-02  -3.7742931e-01   4.7345874e-01   2.1210582e-03  -1.8561696e-01  -3.2055282e-02  -3.6886214e-02   7.5441382e-02   6.1948281e-02   1.3985235e-02  -7.6871451e-03  -1.6483558e-02   4.6619571e-03  -3.5674875e-03   6.9533148e-03   5.5711222e-03  -3.1671535e-03   2.2512741e-03  -3.9390203e-04   2.3775827e-03  -3.0475893e-03
   4.9151737e-03   2.9211579e-02  -2.4942448e-02  -2.8193452e-03  -8.1079561e-03   1.5503053e-02   1.7967911e-03   3.4711609e-02   2.5137909e-02  -1.9345084e-02  -2.3474090e-02  -9.5264213e-03  -1.3743994e-02  -4.1090162e-02   1.3078945e-01  -7.3013370e-02   4.6190234e-03  -3.8464093e-02  -2.5347146e-03   7.2449627e-02  -1.1954333e-01  -4.2857261e-02   3.0772669e-01   7.9681387e-03  -7.9678747e-02  -3.3280939e-02  -4.9055480e-03   4.7556348e-03   1.8874861e-02  -1.3890980e-02  -3.5189495e-02  -7.2670495e-02   3.6393729e-03   1.6535586e-03
  -2.6027616e-02  -5.1911113e-02  -5.0184810e-02   4.1794406e-03  -2.2580152e-02   1.8075112e-01  -3.0115899e-02  -5.3517058e-02   4.5298851e-03  -1.2342425e-03   2.2447060e-03  -6.6124304e-03  -9.5833007e-04   1.3011541e-02  -1.9420455e-02   1.8610382e-02  -2.4345195e-03  -9.5226549e-03   1.7255234e-02   4.0740766e-03  -2.3120377e-03  -8.3999327e-03   1.2993309e-02   6.6131244e-03  -4.0832870e-02  -1.6412467e-02   6.0749483e-02  -5.5242936e-02  -4.9614986e-03   4.6220614e-02   8.3966901e-03   1.1574428e-03   4.8159161e-03   2.0865041e-02
   4.6414429e-03   3.2312377e-02  -2.7628206e-03  -6.6819717e-03  -5.0555910e-03  -3.2396966e-03   5.3659024e-03  -3.8347339e-03   8.3072339e-03  -4.7235563e-03  -1.0545483e-02   4.2017479e-03   1.0426561e-02   6.9462904e-03   2.4192294e-02  -8.5356558e-02   1.4362686e-01  -1.4044462e-01   2.8105059e-02  -2.3978806e-02   1.3428062e-02   4.1130728e-02  -2.1750458e-02  -2.4538644e-03   2.3351017e-02   2.3829435e-02  -1.6366888e-02  -3.7755626e-02   5.9607624e-02  -2.6660745e-02  -4.7011142e-02  -3.7148868e-03  -1.9310270e-03   1.1416433e-02
  -2.0841635e-03  -1.1255153e-02   1.3213055e-02   7.2834616e-03   8.2982223e-02   3.0788761e-04  -1.6488726e-03  -2.0268834e-02  -2.2000400e-02   1.0482224e-02   1.0058066e-02  -1.7645243e-02  -1.7585923e-02   9.6902417e-03   2.5201863e-02  -7.4644051e-03  -1.5097918e-02  -7.0559308e-02  -3.9143364e-02   7.7238974e-02  -1.0810899e-01   3.4612978e-01  -7.7192671e-02   1.2049608e-02   3.3348695e-02  -9.2884710e-03   5.8540961e-03  -5.7678020e-04  -1.0735421e-03   5.9944326e-03  -3.4270671e-02  -1.7353263e-01  -2.5547884e-03  -2.2906039e-03
   2.7845214e-02  -6.2557888e-02   6.4187086e-03   3.5285971e-02   1.8042207e-02   2.3300137e-02  -9.6673971e-03  -1.9186651e-03  -2.9518149e-02  -1.0811747e-02   4.9412167e-03   2.9166928e-03   2.2501990e-03   2.0855306e-03  -6.2788420e-03   2.6261401e-03  -2.6075610e-03   1.4660422e-02   1.1666893e-02  -1.0903578e-02  -8.5670025e-03   1.1319114e-02  -1.5440518e-02   5.2094365e-03  -5.5852008e-02  -4.5896275e-03   3.8676009e-03   2.7906860e-02   1.9242040e-01  -8.4691388e-02  -1.0104114e-01   1.8434067e-02  -9.2171851e-04  -6.3052131e-03
  -1.7482200e-03  -3.6525072e-03  -1.5177323e-02   7.8458493e-03   4.1616082e-02  -1.1797202e-02  -1.4728396e-02  -8.2679085e-02  -1.8384324e-02   1.9211549e-01  -6.7271430e-02  -2.6899033e-02   1.8015283e-04  -2.2737992e-02   4.4125514e-02  -1.1266452e-02  -5.0261867e-03   1.7109464e-03  -5.8811145e-03   8.1584919e-03   1.4215982e-02  -2.0269857e-02  -1.9903653e-03  -1.2469379e-03   1.2456421e-02  -2.9505706e-03   5.9189386e-03  -5.1174234e-03   2.4548183e-02   3.9746695e-03  -4.8615489e-02   1.2859261e-02   3.8432199e-03  -7.4303461e-03
   2.0282233e-03  -6.1658104e-03   1.2937761e-03   5.6517829e-04   4.6298486e-02   2.9397844e-03   5.9062448e-03  -1.5286692e-02  -2.7090813e-02  -1.0482102e-02   2.6819256e-02  -2.2572322e-02   2.0799443e-01  -5.3022332e-02   1.4412184e-03   8.7820834e-03   8.4089691e-04  -9.8468912e-02  -3.1800324e-03   4.3417666e-02  -1.8928624e-02  -5.4205450e-02   3.2136997e-02   1.8192196e-03   1.0417566e-03  -1.3457656e-03   4.8164025e-03  -7.8717865e-03  -1.6071306e-03   2.0154920e-03  -1.5741950e-02  -4.7350282e-02  -1.1089994e-03   6.7391261e-04
  -1.3733867e-02   2.8615423e-02  -3.8490833e-03  -1.5902212e-02   2.8006677e-02  -9.4213269e-03   2.5478015e-03   1.2795548e-02  -4.6615091e-03  -6.4649431e-03   3.1631183e-03  -9.7567800e-03  -7.5376709e-03   3.5629413e-03  -1.6144848e-02   5.1522533e-02  -9.4718133e-03  -1.2619927e-01   1.9970682e-01   1.8681186e-02  -8.0259227e-02  -1.2351810e-02  -2.6901804e-02   9.1176544e-03  -2.3079603e-03   1.0230682e-03  -4.9731448e-03   1.3096890e-02   9.8620695e-04   3.6190859e-03  -4.6648126e-03  -2.2738895e-02   3.0971726e-03  -3.7391616e-03
  -2.2815865e-03  -4.7276801e-04   6.1057663e-03  -8.7941077e-03   1.1627256e-02   6.0558633e-03  -1.3738734e-03  -3.4952500e-02  -3.1483091e-02  -1.2446325e-02  -2.8701194e-02   1.8003187e-01  -1.9541413e-02  -3.9347787e-02  -2.9701635e-02   2.6919839e-02   3.3291634e-03  -3.2792166e-02   2.0753144e-04   2.0947725e-02  -1.1285296e-02  -5.1741527e-03   1.2198288e-02   2.6358642e-04   3.1170888e-03   2.1663844e-03   8.3712989e-04  -1.7328910e-03   2.1568234e-03   2.2811183e-03   2.8851472e-04  -1.8180297e-02  -4.1023500e-04  -2.4580811e-03
