   1.3882284e-01   3.6697233e-01   5.9656032e-02  -1.8484390e-01  -6.2365725e-01   9.7228042e-02  -1.1372588e-01   2.2813621e-01   1.4108826e-01  -1.8194356e-01   4.2591808e-02   1.2374160e-04  -4.0919391e-02   1.8972126e-01   1.5567802e-01  -1.6847878e-01  -2.4589983e-01   2.5643955e-01   7.9070682e-02   6.1978387e-04  -7.4089902e-02  -1.0118651e-01   6.0863543e-02  -4.3429013e-02  -8.3717187e-03  -1.1999016e-01   3.7773359e-02  -3.0342530e-02   4.6777508e-02   3.1804780e-01  -2.5002163e-03  -2.8387162e-01   2.6566347e-02   8.2406220e-02
  -4.3088689e-02  -9.8619727e-02  -3.2190483e-03  -7.5034748e-01   2.4112134e+00  -3.3322077e-01   2.1716708e-02  -5.8252095e-02   1.3103515e-01  -1.7992623e-01  -4.6193854e-02   1.2281764e-01   1.1782944e-01  -6.4510202e-01   1.3631446e-02   3.8549890e-02   1.8923281e-01   1.7395705e-01  -1.1479082e-01  -2.4881084e-01  -5.4215253e-02  -6.5077454e-02  -5.4997770e-02  -1.2292702e-02  -1.5544450e-01  -5.8540724e-03   6.6598479e-02  -4.9578495e-03  -1.5058947e-01  -3.2590028e-02  -2.2266910e-01   2.7296230e-01  -5.2505300e-02  -1.2973444e-02
  -1.3303214e-02   1.2436952e-01  -8.0165880e-03   6.1487492e-02  -5.5511987e-01   7.4519721e-02  -2.4364857e-02   9.4761284e-03  -3.1714843e-02  -4.0878707e-02  -8.9458382e-02   9.5628118e-02  -1.8452292e-02   8.6661709e-02  -2.5152915e-01   3.5411411e-02   9.3168206e-02   1.1144133e+00  -3.9447568e-02   1.4988089e-01  -4.1909618e-01  -1.5349646e-01   6.3328729e-02  -2.0513477e-02  -4.8676971e-03   1.6947787e-02   4.0305900e-02  -2.5546182e-03   6.4456421e-03   4.5123509e-02  -4.1651407e-02  -1.8902379e-02   3.7013699e-03  -1.8141740e-02
  -1.0966520e-02  -3.4824592e-02   6.3869971e-03  -1.6602128e-02   1.2859280e-01  -1.7923574e-02   1.7306666e-02   1.4191269e-03   3.1156263e-02  -4.0783230e-02   1.8876355e-02   7.3744373e-02   2.5754904e-02   1.9377429e-02  -7.4308524e-02   5.0929105e-02   1.3200329e-01   2.8634511e-01   1.1713231e-02  -1.2493958e-01  -7.5423781e-01   3.1188487e-02   4.3683032e-02  -1.7182687e-01   2.0101165e-01  -2.3968889e-03   2.4395048e-02   3.8005550e-02   6.4095171e-03  -3.0208463e-02  -2.3793024e-02   7.3369156e-03  -4.5576221e-03   6.4795775e-02
  -3.8148115e-04   1.4050310e-02   3.5298060e-02   5.2350115e-02   2.7819427e-02   2.4738495e-02  -3.0528539e-02  -5.8585385e-02   4.2783309e-03   8.7451768e-03  -2.3809799e-02  -1.1498491e-02   6.4282224e-03   7.8196195e-02  -4.6640183e-02  -2.6271275e-02  -7.1672103e-02   1.4898537e-01  -3.1207151e-02  -3.5824977e-02  -2.0781704e-02   3.0229320e-02   6.7486249e-03  -9.8714729e-03  -3.2806230e-02  -3.3288141e-02  -2.3792847e-02  -2.2037737e-02  -2.2586893e-03   1.0076740e-02  -3.8242927e-03  -8.2766301e-04   1.6253363e-01  -6.7780787e-02
  -3.9912895e-02  -2.3455676e-03   5.8859138e-03   1.7076574e-01   9.5148202e-02  -3.0694702e-02  -1.5278776e-02  -4.5784990e-02  -3.3152922e-02  -2.5395328e-03  -3.0145689e-02   7.5325322e-02  -2.6101708e-02   4.9223367e-02   1.2568555e-02  -3.8643002e-02  -7.5131360e-02   4.8185344e-02  -1.7276714e-02  -5.8103080e-02   6.1168669e-02  -3.5608150e-02  -2.3767636e-02  -1.5330316e-02   1.4025095e-01  -7.0687339e-02   7.0417037e-03   1.0613023e-02  -1.0851388e-01  -1.2550932e-01  -8.6856800e-02   3.2206343e-02   8.3216300e-02   1.9168004e-01
   4.2292401e-03   1.4655805e-02   1.0110547e-01  -9.5175856e-02   1.1653732e-01  -7.8563468e-05  -3.4024491e-01   1.5795635e-01  -1.8929903e-02  -3.3832388e-01   5.3833005e-02   1.5253537e-01   6.4943712e-02   3.5120605e-02   4.5364555e-02  -2.7075967e-03  -6.0659173e-06  -3.0824408e-02   6.0426926e-02  -5.5867454e-04  -5.6873760e-03  -5.5374646e-02  -2.7051138e-02   2.1315548e-02   1.9038229e-02  -3.1973018e-02  -1.9781991e-02   1.5598442e-03  -1.1264205e-02  -3.6030379e-02   5.8615646e-02   1.4650708e-02   3.4440845e-02   1.0124330e-02
   8.8376221e-03   5.0970185e-02  -2.5510574e-03  -5.8859731e-02   1.5482131e-01   1.5135971e-02  -1.1819509e-02  -7.8055855e-02  -4.9927814e-02  -3.0565501e-02  -5.1227866e-02   2.1832707e-02   7.3461499e-03  -7.0947527e-02   5.4110479e-01   1.1647666e-01  -5.7378852e-02  -3.2418955e-01  -3.9718463e-02  -1.6832138e-01   1.6088245e-01  -1.4049904e-02   2.1110457e-02   4.4685927e-03  -1.4588579e-02   7.4213717e-03   8.0103227e-03   2.0862894e-03   3.6042521e-03  -1.5888656e-03  -1.0454544e-01   2.2226547e-02  -2.3911715e-03  -1.9730224e-03
  -3.6599610e-04  -9.8402184e-03  -7.9130408e-03   7.7663720e-02  -1.0703101e-01  -1.6659316e-02  -5.0985706e-04   4.2743106e-02  -2.2869263e-02   4.0989420e-03  -8.8838466e-03  -2.1366491e-02   4.9129668e-03   3.7055562e-02   1.5092582e-02   1.1333874e-03  -2.6920457e-03   4.6594220e-02  -1.5839885e-02  -6.4783949e-02  -7.5355387e-02  -2.0531449e-02  -7.1960341e-02  -4.9739612e-02   2.0624888e-01   1.5054065e-02  -1.2946947e-02   2.9990513e-01  -6.2483145e-02  -5.7634074e-02  -1.5388219e-04  -2.4965192e-02   8.4805633e-03  -7.3302052e-02
   2.5505370e-03  -7.7668134e-03   4.4981185e-03  -6.1342743e-03  -1.8332616e-02   1.4937431e-03   2.2377498e-04  -9.9406021e-03   2.0220383e-02  -2.4627458e-03  -5.9570195e-04   8.3501114e-03  -1.3587986e-02   1.1990340e-02   5.1270780e-03   2.9146677e-03   1.7203286e-02  -2.1249128e-02  -9.6528748e-04  -7.1325511e-03  -4.7352628e-02  -2.5287445e-02  -3.2247161e-02  -3.3409682e-02   3.2524519e-01  -2.0054553e-02   4.8873031e-03  -1.4491655e-01  -3.3537223e-03   1.7970828e-02  -1.1714760e-02  -9.5208287e-03  -3.8124461e-03  -5.1449355e-03
   8.0532852e-03  -3.5017161e-02  -1.0610325e-01   3.5587070e-02  -8.2241591e-02   3.2235877e-01  -3.2892188e-02   3.9750465e-02  -3.7225346e-02  -7.1658239e-02  -3.4511633e-02   4.7347037e-02  -1.3970371e-02  -2.3875613e-02   7.2676614e-03   1.0086222e-02   1.6237202e-02  -8.7220689e-03  -3.3984342e-03   5.9035017e-03   2.7063579e-03  -1.0949938e-02   2.0839092e-03  -2.1813244e-03   1.9230267e-03   4.3369463e-03  -9.3359463e-03   1.6059336e-03  -1.1089241e-02   2.5669627e-03   1.7647139e-02  -3.5654783e-02  -3.6961902e-03   4.2072864e-03
  -7.6564117e-04  -5.1421581e-02  -8.4324378e-03   6.2676815e-02  -1.7225855e-01  -2.0330146e-02   8.3142234e-03   4.2824305e-02   6.9119013e-02  -8.5787096e-02  -1.2240982e-01  -4.1082546e-02   2.5584248e-02   7.6399375e-01  -1.9553219e-01  -4.9343029e-02  -4.9835018e-02  -3.2372702e-01  -3.3186992e-02   6.2424659e-02   1.3424675e-02   4.6966346e-02   1.6413322e-02   6.1672751e-03  -2.1736764e-02   2.5800617e-03  -7.3731077e-03  -6.6701534e-03   1.6435469e-02   9.0030170e-03   5.4214563e-02   1.9270926e-03  -7.2657198e-04  -4.7555728e-03
   3.7267872e-03  -4.1379443e-02  -1.9964762e-02   1.1278889e-02  -3.9311070e-02   1.2219887e-02  -8.5983832e-03   3.5124565e-03  -3.7360088e-03  -2.4118827e-01   5.1991851e-01   1.1842687e-01  -3.9536761e-02  -8.8330901e-02  -1.7988364e-01  -6.3663722e-02   1.6565020e-02   2.7162021e-02   3.0186504e-02  -3.3023101e-02   9.6783117e-03  -2.1413363e-02   1.1063572e-02  -2.6575878e-03  -8.6241983e-03  -4.5903781e-03  -3.0746000e-03   3.7091380e-03  -4.3406009e-03   1.5122781e-03   9.4127988e-02  -6.8285594e-03  -6.8357266e-03   8.4912060e-04
  -4.7298079e-02   2.9854655e-02   2.1733623e-01  -1.5873417e-01  -5.6091116e-02   1.1866902e-01  -1.2993972e-02   3.0733657e-02  -7.2003653e-02   1.5379396e-02  -1.1475433e-02  -1.8176042e-02  -3.9138003e-02   3.8118510e-03  -9.5367050e-03  -7.9459118e-04   6.2093187e-03   1.2590967e-02   2.3539639e-02   7.3869115e-03  -1.0639726e-02  -5.9074576e-03   1.5852427e-02  -4.2402675e-03   9.4072779e-03   1.8632471e-02  -1.1403587e-03   4.5531161e-04  -4.9432303e-02  -6.6181153e-02   9.7020331e-02   1.9365644e-02  -5.7833701e-02   6.2963825e-03
  -8.1261198e-03  -6.1761020e-03   7.1756124e-03  -2.2971635e-03   1.4139830e-01  -6.4623407e-03   2.5801551e-03   4.6486257e-03  -1.6995007e-02  -1.4382610e-02   4.9086745e-03   1.2844283e-02   2.0899347e-02  -1.7130158e-02  -1.1192991e-02  -5.6662785e-03   3.0347976e-02  -4.5402124e-02  -1.4139893e-02   1.3778750e-02  -3.2618016e-03   9.3820578e-03   1.5048668e-02   1.2701537e-03   3.8077796e-02   4.1564055e-03   1.2912401e-02   7.2754489e-03  -3.7127307e-01   2.1598142e-01  -4.5578953e-02   2.0551838e-02   5.3358492e-04  -1.5467955e-03
   5.7761849e-03   6.1103981e-02   6.1661582e-03  -5.5288797e-02  -2.5142593e-02  -7.7002885e-02  -1.1640395e-01   6.6181338e-03  -5.8993453e-02   3.9605567e-01   6.6431766e-03  -1.1576675e-01   2.3880839e-02  -2.0087134e-02  -3.2627836e-02  -1.3044459e-02   9.9645874e-03  -7.0634905e-03   5.1691424e-03   2.7490686e-04  -8.0905890e-03   1.5671992e-02  -3.7860514e-03  -4.4237281e-03   2.9199421e-03  -1.1098289e-02  -8.5227546e-03   9.5958814e-04  -1.3651922e-03  -3.1880087e-03  -6.6510055e-03   3.4476687e-02   6.1760463e-04  -2.4366922e-03
  -9.5472381e-03   2.8020472e-01  -1.5515500e-02  -1.4552289e-01   4.8048324e-02  -1.3817292e-03  -6.1701722e-03   5.6094069e-02  -5.9942558e-02  -4.9717673e-02   4.7733797e-02  -4.1497706e-03   5.4591522e-02   1.9275860e-02  -4.6842194e-02  -4.9269286e-03   6.0350522e-02  -9.8943417e-02   2.1290389e-02  -9.9880687e-04   5.2969408e-03   5.5072266e-03  -1.3977527e-03   2.6173904e-03   2.2233516e-02  -6.3244466e-03   2.4670842e-03   9.2008819e-03  -8.5820944e-02  -3.5291573e-02  -1.2213682e-01   5.8428882e-02  -3.3185370e-03   1.0093037e-03
   7.8347753e-03  -5.9158470e-02  -1.4942588e-03   6.3289789e-02  -1.3267896e-02  -1.4360940e-02   2.8834440e-03  -1.3557733e-03  -1.7432410e-02   3.7741700e-02  -1.7574891e-02  -3.6860634e-02  -1.9744545e-02   4.7560784e-02  -9.3858749e-02  -9.9730435e-02   5.0833061e-01  -3.2829187e-01  -3.0671259e-03  -6.9864674e-02   4.3490543e-02   2.1694687e-02   1.3877739e-02  -3.2320305e-03  -8.6085587e-03   5.7066739e-03  -8.4256102e-03  -3.8461448e-03   7.4292400e-03   6.5518105e-06   4.0265305e-02   1.6546120e-02   5.6137459e-03   1.4945915e-03
  -4.4297919e-04  -3.1754243e-02   9.4558682e-03   7.3008888e-02  -9.7357311e-02  -1.8394089e-03   1.0588300e-02   1.8810081e-02  -1.4231013e-02  -1.4227715e-02   1.1379601e-02   1.3929036e-02   3.4457703e-01  -1.1563495e-01   1.9254930e-03  -1.7905792e-02   1.0363377e-02  -1.2219517e-01  -1.2738868e-02   3.4616480e-02  -6.0306336e-03   6.1913829e-03  -4.7778903e-02  -5.0547004e-03   1.1905781e-02  -4.5449873e-03  -4.4591810e-04  -4.2931484e-03   5.2397705e-02  -1.9537134e-03  -5.6662326e-02  -3.8230193e-02  -2.4651922e-03   1.3162414e-03
   1.4937977e-01  -8.4114826e-02  -2.5452125e-02  -7.6878936e-02   1.0409001e-01   6.2040005e-03   1.2856820e-02  -1.3806095e-02  -1.1526149e-02   5.7985480e-03  -4.7368593e-03   8.6390100e-03  -6.6142205e-03   2.0815884e-03  -9.2895115e-03  -1.0642313e-02   5.3679766e-04   3.4863899e-03   9.3132165e-03   5.2919811e-03  -2.1443173e-03   9.7255418e-03  -2.4067383e-02   3.3783443e-03   2.0067183e-02   8.9890550e-03  -3.3676665e-03   5.8861061e-03   7.8260323e-03  -7.8261037e-02  -6.2760336e-02   4.5282173e-02  -2.3788340e-03   2.6169789e-03
  -2.7575831e-03  -2.2365161e-02   1.5685831e-03   5.0293714e-02   4.6996305e-02   6.6701322e-04   7.0615990e-03  -7.9291795e-02   6.5674415e-02   3.3456796e-02  -7.3061405e-03  -8.0723786e-02  -1.6200422e-02   7.0174733e-03   1.5416221e-02   2.6296088e-03  -1.2739058e-02  -1.1071843e-01   3.0167658e-01  -3.0687544e-02  -5.1146422e-02  -4.0357542e-02  -1.3664991e-02  -6.5859732e-04  -5.4788264e-04  -2.3599515e-03  -5.2394602e-03  -5.3664976e-04   9.0781323e-03   2.4368420e-03  -3.1242131e-02  -3.0063547e-02  -2.4236786e-04   1.7021124e-03
   1.1934064e-02  -2.2123882e-03   2.5556193e-03   4.3137453e-01  -4.6905195e-02  -1.0487832e-01  -2.7358935e-03  -8.3932061e-02   3.8120194e-02   5.9667844e-03  -4.1148327e-03  -1.0872801e-02  -1.6260676e-02   1.7795252e-02   8.8053093e-03  -2.0275903e-03  -2.1987598e-02   3.4362322e-02  -1.9080984e-02   2.0807524e-02  -8.2797585e-03   2.8618459e-02   8.1649458e-03   3.2339469e-03   2.2222328e-02   1.7360929e-03  -9.8437233e-03   1.3358707e-03  -9.8767503e-02  -3.2041220e-02  -8.1225826e-02  -7.1652319e-02  -2.2170980e-02  -1.9446190e-04
   3.9426221e-03  -6.9701953e-03  -2.0050887e-05  -3.5590189e-02   1.4046558e-01  -2.1909596e-02  -1.8501758e-03   3.8517981e-02  -4.1150756e-02   3.9674978e-03  -8.4221177e-03  -2.5250022e-02  -3.0779224e-02   1.3020244e-02   7.2744038e-02   2.6372269e-03  -7.0145580e-02  -2.0865709e-01   3.7889682e-03   3.2786403e-01  -1.3370012e-01  -3.6724214e-03  -8.2876897e-03  -1.4079165e-02   2.1071154e-02   1.2249579e-03   6.8766425e-03   2.8978206e-03   9.8026978e-03  -1.0252444e-02  -1.8687091e-02   1.0133774e-02   1.1114227e-03  -2.3352407e-03
  -1.0204444e-03   1.5727508e-02  -6.4931322e-04   4.3444281e-03  -8.4348333e-02   2.9904877e-02  -9.6010827e-03  -5.2505948e-02  -2.7436694e-02   9.6175565e-03   1.2975812e-02  -2.8572504e-03  -5.4760824e-02  -4.0574048e-02   2.5175809e-02  -7.5835240e-03  -6.6174793e-03  -4.8571991e-02  -2.0627922e-02   6.4198594e-04  -4.8435880e-02   4.3405464e-01  -6.7616578e-02  -2.2811534e-03  -4.0935705e-03  -9.2855660e-03  -2.8805336e-03  -3.0796153e-04  -4.9424777e-03   2.4601867e-03   6.4357182e-03  -4.8340639e-02   2.3954902e-03   2.5302300e-03
   2.7530429e-03   1.7832965e-02  -8.2442903e-03  -1.0881299e-03  -9.4701729e-02   1.0144063e-02  -1.3563277e-03   8.1080465e-03  -1.4494798e-02   9.3597371e-03  -1.2366439e-03   5.1896094e-03   4.9824879e-03  -2.4819753e-03   6.7396405e-03   4.5483416e-03  -9.1626043e-03  -3.2367092e-03   2.6480769e-03   1.6755410e-03  -3.5060811e-03  -2.9059699e-02  -2.8975213e-02  -2.4990751e-03  -2.3141090e-02   2.5188905e-01  -4.5368003e-03   3.5151044e-04  -4.4405453e-02   5.4906857e-04  -3.3407734e-02  -2.9272517e-02   5.4452062e-03   6.3712657e-03
   5.4087055e-03  -8.1250789e-03   2.8403568e-04   1.5294969e-02  -5.8926681e-02  -6.1802285e-03  -1.8179274e-03   4.8183408e-02  -1.7517793e-02   1.0284332e-02  -4.6576125e-03  -1.0196907e-02  -8.9313183e-03  -1.0362571e-02  -1.9754467e-01   3.6203778e-01  -7.9895905e-02  -1.0058205e-01   1.1533485e-02  -3.0814009e-03   2.6746748e-03   2.0428772e-02   2.9106795e-02   1.3228852e-03  -8.6489362e-03  -1.8260969e-03  -1.2463035e-03   7.0938277e-04  -5.9665086e-03  -3.0554524e-03   3.1349327e-02  -2.2936602e-03   1.9873281e-03  -1.3780755e-03
  -2.0115394e-03  -5.1859416e-02   1.1859670e-02   1.5801030e-01  -3.4601387e-01   1.1804647e-02  -3.6772001e-03  -2.7032126e-02  -1.9530944e-02   3.1137578e-03   5.6056221e-03   3.9526996e-02  -1.2259745e-02  -6.6364609e-02   3.4487342e-02  -7.8443144e-03   7.1908010e-03  -5.3061017e-02   1.0828630e-02   1.3301169e-02  -1.3889776e-02  -1.8843710e-02  -2.8172091e-02  -3.5865797e-03  -1.0074773e-02  -4.5542446e-03   3.3671277e-04  -1.1893194e-03   2.0872194e-02   2.6842888e-03   1.2654172e-02   3.4427074e-01  -2.2969967e-03  -2.5910610e-03
   1.0615287e-02   5.9055680e-03  -3.7467603e-03   8.6230954e-03  -3.6305860e-02  -1.9277289e-03   9.1735319e-04   2.0482598e-02  -1.0216614e-02   3.8757034e-03   2.3662438e-03  -1.5672395e-02   1.9675843e-02  -4.1724741e-03  -1.3511980e-03  -6.7990639e-03   9.3129694e-03   6.9028735e-03   9.1349222e-03  -1.2854140e-02   6.4262155e-03   7.2865946e-03  -3.0158815e-02  -7.5969506e-03  -3.7667253e-02  -1.6587306e-02   1.7939589e-01   3.0495837e-03  -7.3285768e-02  -9.8986426e-03  -2.4669050e-02  -4.8300847e-03   2.2641556e-03   2.9436499e-03
  -4.2456205e-03   4.1513737e-03  -2.1119204e-03  -9.8370012e-03   4.5146721e-03   3.8911585e-04   3.7399140e-03  -2.6225522e-03  -7.6081045e-03   3.7100510e-03   1.0640473e-04   5.2007125e-03  -1.0091220e-03  -8.7056517e-03  -3.6310297e-03  -4.2620894e-04  -5.0356505e-03  -3.8315220e-04   9.0207895e-03   3.7807272e-02   6.2239935e-02   7.2833460e-03   1.7047500e-02  -1.7542868e-01  -3.7716518e-03  -3.8364584e-03  -3.9574637e-03   5.6869882e-02   8.7631489e-03  -1.6905902e-02   1.0446653e-02  -1.9427224e-03   1.6380698e-03   9.1224084e-03
   5.5579948e-03  -5.0307349e-03  -8.7929633e-03  -2.6715637e-02  -1.6693105e-01   8.9004397e-03   3.4143397e-03   3.0047496e-02  -3.1938439e-02   9.6841004e-03  -1.5289403e-02   1.9553202e-02   3.5099451e-02  -1.5109734e-02   3.4404223e-02  -1.6618571e-02  -1.6650539e-02   1.4113764e-02   1.2005612e-02   2.8149897e-03  -1.0118340e-02  -1.0149770e-02  -4.0519695e-03  -3.0098083e-03   4.7243655e-04  -8.3197285e-03  -7.5027299e-04   1.9544304e-04  -1.1326853e-01  -6.3495973e-03   3.1709906e-01  -3.5429752e-02   2.8362646e-04   3.0325078e-03
   7.1883618e-03   1.5072362e-02  -3.5797798e-03   2.2036376e-03  -5.6855429e-02   1.5046799e-02  -1.6724311e-03  -2.9237183e-02   3.7629397e-02   1.6362689e-02   8.0782083e-03  -3.9270988e-02   1.3805636e-02  -2.3061628e-02   2.3383514e-02  -6.6869688e-03   4.3785119e-03  -3.0998312e-02  -7.3933945e-03   1.2704036e-02  -8.5575277e-02  -2.1084659e-02   2.5339910e-01  -1.3196878e-03  -5.7223001e-02  -7.3614988e-03   6.2231319e-03   1.2705335e-03  -1.3919567e-02  -4.3575830e-03  -1.3142837e-02  -1.6071130e-02   2.4863983e-03   2.8546004e-04
   5.2435324e-03   4.5565096e-02   2.3699446e-03  -2.5402817e-02  -1.9534925e-02   7.8253591e-03  -3.9805587e-03  -3.0818106e-02  -1.1832284e-02  -2.9537015e-02  -7.7669829e-03   1.9541681e-01  -3.2868309e-02  -5.1099421e-02  -1.1745742e-02   9.7955544e-03   2.3073772e-02  -6.8488849e-02   1.3661303e-02   1.6688149e-02   1.9761118e-03  -3.9937897e-03   1.5656306e-02   5.7169379e-03  -2.3920218e-03  -1.7444778e-02   2.7651242e-02   2.1127115e-03  -4.5518354e-02  -7.9826200e-03   3.1404657e-02  -3.2080537e-02  -3.6970440e-04  -1.1208863e-03
  -4.9550822e-03   1.3036368e-02   1.3931089e-03   1.1227510e-02  -1.2607468e-01  -5.6981154e-02   1.6615106e-03   2.8263971e-01   3.8829677e-02  -6.0733614e-02  -2.1332059e-03  -2.6546418e-04  -6.3181209e-02  -4.3268550e-02   4.0593537e-02  -1.7699047e-02   7.6274318e-03   3.5929319e-03   1.3891183e-02  -3.5993116e-03  -5.9684111e-04   1.0122582e-02   6.4688968e-03   8.5012047e-06  -6.5276564e-04  -1.3791456e-04   5.6038029e-03  -1.2983429e-03   2.6161083e-02   3.2890384e-03  -5.9380052e-02  -2.3020391e-02   1.0598070e-03  -1.9320795e-04
   3.8862363e-03   2.9785019e-02  -2.8421846e-03  -2.0268226e-02  -6.0739671e-02   6.7855919e-03  -1.8249652e-03  -2.2698944e-02   2.1072402e-01  -1.0943221e-02   1.3918360e-02  -6.6915923e-02  -7.4445037e-03  -3.0095682e-02   3.7354928e-03   9.7044572e-05   1.3939813e-02  -1.9044275e-02  -1.3580112e-02   1.9407261e-02   1.3890790e-03  -1.3691693e-02  -1.9200923e-02  -1.0117108e-03   1.3529029e-02  -6.2691165e-03  -8.7364166e-03   8.9251694e-04  -8.5170885e-03  -5.5049887e-03   1.9549765e-02  -1.6252007e-02  -3.1044810e-04   1.1519458e-05
