   3.5519190e-04  -5.9563517e-03  -8.2149878e-03   1.5920819e-02   5.4632586e-03  -2.7001324e-02   1.0629129e-02   3.8603881e-02  -7.7912259e-02  -2.3299447e-02  -1.9033876e-02   1.2537185e-01   1.7976566e-02   3.1400080e-02  -5.4443806e-02   1.0795285e-02   8.4367923e-02  -1.2874882e-01   4.9030607e-02   8.0023087e-02  -5.6747467e-02  -5.1537235e-02  -1.5383697e-02  -1.4129993e-02   2.6034586e-02   7.7361443e-02  -1.5010830e-02   2.0369926e-02  -1.2917184e-02  -3.3700426e-02  -5.9982680e-02   1.2906878e-02  -8.6057057e-02   1.8536859e-01
   6.4100400e-02   6.9000538e-02   3.6417997e-03  -2.7932388e-03  -7.9200168e-02  -3.5375006e-02  -2.2559470e-02   8.5440454e-02   5.7906807e-02  -1.1794165e-01   1.3913235e-01   3.1607155e-03  -5.0168935e-03   5.5533067e-04  -6.4372671e-02  -2.2504711e-01   6.7570655e-02   1.2363140e-01  -2.7044910e-02  -1.3053909e-01  -2.2936829e-02   1.3250979e-01   6.2744488e-02  -1.2314710e-02  -1.6490545e-02  -3.5928763e-01   8.9785104e-02  -1.7707000e-02   2.8941398e-01   1.4601298e-01  -1.9992587e-01  -1.7132334e-02   8.1904791e-02   6.0622691e-02
  -4.0594155e-04  -4.7492720e-03   2.3141723e-02  -7.9657791e-02   6.6720614e-02   1.3497205e-02  -1.6965884e-03  -3.5946543e-02  -4.2056613e-02   1.5346406e-01  -4.8489873e-04  -4.3953362e-02   6.0689270e-03  -2.4333815e-01   3.8272378e-01   3.3441505e-01  -6.8612149e-02  -2.3421291e-01  -8.6491303e-02   3.7454205e-01  -2.7139358e-02   3.9814699e-02  -1.1081162e-02   3.4659305e-02  -3.2984595e-02   8.2605261e-02   2.0873852e-02  -3.3478550e-03  -3.2005277e-02  -1.2690295e-02   3.2607406e-02  -2.4692371e-02   1.3884830e-01   9.4499629e-02
   1.3454124e-02  -2.4681548e-03  -2.0253849e-02  -1.5681272e-02  -1.2834279e-02  -3.9636603e-02   4.4424006e-03  -4.6509799e-02  -1.3742259e-02   3.1179631e-01  -1.8503671e-01  -6.5731952e-02  -1.3577423e-01  -2.2337360e-01   3.0566008e-01   4.0620619e-01  -2.1551706e-01  -4.5476111e-02  -1.2056091e-01   1.6961215e-01  -1.8633479e-02   7.9395014e-02   4.3963709e-03   1.9242934e-03  -4.1499436e-02   9.2626371e-02   2.2108067e-03  -2.0347942e-02   1.0259311e-02   3.3325516e-02   1.1528874e-01   1.4235488e-02  -1.8567033e-01  -1.9239710e-01
  -1.4454767e-03  -1.3807936e-03   3.2828862e-03   1.7986255e-02  -1.3601847e-01   2.0437983e-02   6.1371026e-03  -2.0047049e-01   3.2438758e-01  -2.6779945e-03  -2.9182225e-02  -3.3602304e-02   6.3864138e-01  -3.2766936e-01   1.4551581e-02  -8.7672077e-02   1.7340928e-02  -1.4117308e-01  -1.0693077e-01   2.5085327e-02  -4.2385098e-03   1.4686541e-01  -1.7761764e-01  -6.1048263e-03   3.0185934e-02  -1.2388009e-01  -7.1484575e-04   3.2289871e-03  -6.4515002e-03  -8.5851155e-03   6.3236808e-02   1.1647286e-01   1.6215919e-03   2.6733536e-03
  -1.8652416e-02  -5.4982433e-03   4.4601606e-03  -5.0504163e-03   3.4917059e-01  -3.2619399e-02  -1.2052880e-03  -3.7906444e-02   5.7203819e-02  -1.4923609e-01   1.6989981e-01   1.2646533e-02  -5.7326132e-01   2.8149809e-01  -1.7922489e-01  -3.2968714e-01   1.7214312e-01   2.7057514e-01  -1.3633861e-01  -1.8621271e-02  -5.0611433e-02  -7.4507381e-02   1.3947905e-01  -3.2608641e-03  -4.3526379e-02   3.2715389e-01  -6.7820857e-02  -3.2597139e-03   4.4065634e-03  -3.7091817e-03  -2.3865599e-01   2.0981012e-01   1.1942454e-02   1.1922699e-02
   2.1752327e-03   3.3358003e-03  -1.1788356e-03  -6.8265889e-03   6.2781868e-02   1.3200160e-02  -1.5768683e-02  -1.4725942e-01   1.8361193e-02  -8.7943144e-02   2.5678796e-01   4.1783843e-02  -3.7107432e-02   5.3755157e-01  -3.2064444e-01  -3.2316906e-01   1.1661898e-01   1.8465683e-01  -9.1324646e-02  -7.2499896e-02   3.8004827e-02  -1.0413111e-01   3.1167867e-02   4.0023049e-03  -3.5651166e-03  -9.8215645e-03  -5.6228882e-03  -7.8974266e-04   1.2337552e-02   5.4698311e-05  -2.7979141e-02  -2.3884462e-02   2.4935852e-03  -5.8271172e-03
  -2.8660343e-03  -1.9104936e-03   7.2051314e-03   2.1036854e-03   1.6677276e-02  -4.4224203e-02   3.3130509e-04   1.4663119e-02   6.6094177e-03   9.3269967e-03   1.3743395e-02  -3.8861995e-03   2.0470467e-02  -2.3616310e-02   8.9582997e-03  -3.1260086e-02   2.8186633e-02  -2.4870509e-04   1.8512319e-03  -5.0648842e-03  -5.9812058e-02  -8.3161937e-03  -4.1528346e-02  -4.5944428e-02   2.8673084e-01  -8.5154069e-02  -4.3033158e-02   1.3455994e-02  -2.7650697e-02  -8.8902987e-03   2.0339677e-02   1.3382890e-02   6.4699807e-03  -3.1324272e-02
   1.0364458e-02   8.8751551e-03  -1.5536196e-01   2.5017418e-02   4.3820672e-03   1.2056466e-01   8.9081270e-03  -3.9891965e-02  -1.0344052e-02  -2.4060863e-03  -7.2285246e-03   1.4270231e-03   2.6869348e-02   7.6311745e-03  -5.6135315e-03   5.2911856e-03  -1.2599730e-02   7.9634940e-03  -1.6659705e-02   1.0379984e-02   1.7948198e-03  -7.1245577e-03   8.7914962e-03  -1.6986992e-03  -5.3463116e-03   2.1141351e-02  -1.5203366e-02  -7.3488311e-04   1.4559260e-02   7.3626713e-03  -1.7431517e-02  -1.6047067e-02   2.3204638e-02  -4.5110127e-03
   2.5698723e-02   1.5097159e-02   1.4329673e-03  -7.8980954e-03   1.3714952e-02   1.7002840e-02   1.6277896e-03  -2.0756093e-02   1.1602631e-02  -2.4067799e-02  -5.0805097e-03  -2.8043723e-03   2.0738712e-02  -3.9986951e-03   5.6521438e-02  -5.6590709e-02   1.4923756e-02  -9.1997763e-03  -6.7895790e-03  -4.9998723e-03   3.7784286e-02  -2.7529988e-02  -9.6240924e-03   1.2407169e-02   1.0315927e-01  -5.1092026e-02  -3.9502105e-02  -1.7159586e-01   2.1269061e-02   2.1552811e-02   3.4194170e-02   1.4209949e-02  -2.2656224e-02   3.7366940e-02
  -1.3950450e-01  -1.8373383e-02   2.2583336e-03  -6.1791007e-03  -2.6229086e-02   4.3759602e-02   7.8233550e-03  -6.3345540e-03   3.2482555e-02   2.3399498e-02  -6.9571094e-02   9.1393170e-03   2.4455038e-02   2.6624903e-02   2.4123570e-02  -4.8386411e-02  -5.0736099e-02   8.7409601e-02  -6.4218287e-02   3.3311796e-02  -1.6150507e-02  -1.8940721e-02   3.3186172e-02  -1.4351874e-03  -1.7978535e-02  -5.7102675e-02   5.6401482e-02  -2.1060674e-02   1.2985595e-01   6.4294848e-02   1.0853680e-03  -4.7329065e-02   1.6800714e-02  -1.9337419e-02
   3.7288154e-03   8.1251693e-03  -4.5397002e-02   1.3335212e-02   4.9580704e-02  -3.5108216e-01   4.7293286e-03   1.6631492e-01  -2.6594191e-02   8.4608293e-02   1.0165444e-02  -1.2712936e-02   3.5051085e-03  -5.5060446e-02   4.2760239e-02  -2.7115104e-03   1.6564546e-02  -2.1581391e-02  -2.4907069e-02   6.7313430e-03   1.0581333e-02   3.7088835e-03  -6.9567780e-03   3.2265957e-03   4.6616957e-03  -2.6884251e-02   1.4377427e-02   2.4448338e-03   1.6397663e-02   1.8427571e-02   3.5394002e-02  -1.1248230e-02   4.2688131e-02  -1.4750450e-02
  -1.0471105e-02  -2.5199964e-03   9.3513910e-04  -1.4673275e-03   3.3902989e-02   1.0793395e-02  -4.7167241e-04   1.6034697e-02   2.8056267e-02  -9.2919454e-02   1.1728506e-01  -4.6961195e-02   9.0847171e-02  -1.8256837e-01   3.1844177e-01  -3.7076386e-01   2.6365662e-01  -1.3841296e-01   1.5486803e-02  -8.4419347e-02   4.7426371e-02   1.1179516e-01  -5.5906738e-02   3.8743260e-03  -1.3077590e-04  -2.1537151e-02   2.2659671e-02   3.8878137e-04   4.9277347e-03   6.9907981e-03  -1.8840245e-02  -4.9704725e-02  -5.2748193e-03  -5.3565108e-03
   6.2119525e-04  -1.6501592e-04   1.9201759e-02  -1.4456970e-03   4.4602019e-04  -1.8502064e-03   2.3140397e-03   1.9631834e-03  -9.4913128e-03  -2.1230853e-02  -2.4968941e-02   1.7185254e-02   5.8380150e-03   2.6473731e-02   2.5085947e-02  -2.1518676e-02  -6.3540801e-03  -3.5181845e-02  -7.1766074e-02   5.3326122e-02   2.1614705e-01  -2.7395999e-02  -1.3738926e-02  -1.2273851e-01  -6.9056674e-02   1.2295047e-02   1.9427596e-02   1.6116640e-03   3.0226768e-04   4.0455908e-03  -8.3897692e-03   1.1246466e-02  -4.1478968e-03   1.8223346e-02
  -1.4856959e-03  -4.2484819e-04   2.7175905e-03   1.0241860e-02  -3.2837140e-02  -3.0471802e-03   4.5626673e-03   7.4984049e-02  -4.3953753e-02  -2.6386757e-02   4.4511431e-02  -1.2239616e-02  -5.7639042e-02  -1.9650829e-01   1.0765948e-02  -5.6601323e-02  -3.3161506e-02   4.0100032e-01   2.3283038e-02  -7.8391224e-02  -8.1919645e-03  -5.1762174e-02  -4.1011028e-02  -1.2483243e-03   7.6198970e-03   1.8343550e-02  -4.6396965e-03   1.4826031e-03   5.0710097e-03  -1.7883709e-03  -1.2236982e-02   5.9098007e-02   9.0271526e-04   4.7865562e-03
   6.5208136e-03  -7.9264710e-04   8.4012234e-04  -3.7752602e-03  -1.2331812e-01  -7.9313258e-02  -2.3027075e-04   5.5491005e-01  -3.9779787e-02  -1.6203888e-01   1.2670701e-02  -2.1960325e-02  -7.1969015e-02  -2.7011420e-02   1.8839203e-02  -3.0856494e-02   1.5128356e-02   4.8167366e-02  -4.8255449e-03  -1.5600270e-02   1.1029855e-02   1.6825663e-02  -1.0329223e-02   4.0582195e-04   4.2992660e-03  -5.9564559e-02   2.6058353e-02   4.7900688e-04  -8.6742376e-03  -3.1565111e-03  -6.3770897e-04  -3.7389799e-02  -3.4906336e-03   6.6344355e-04
   2.6253229e-03   2.3759042e-03  -1.8867401e-02   1.1288295e-03   2.7179360e-02  -2.5750445e-02  -2.1506807e-03   4.5504338e-02   5.8057601e-03  -6.8608682e-02   4.7528151e-02  -1.1803239e-02   3.7346333e-02   4.7264985e-02  -6.2551042e-02  -2.3255935e-02   2.2439296e-02   3.2134888e-02  -1.3616559e-01  -1.7270622e-01   4.5433814e-01  -6.0597406e-02  -1.5769343e-01   9.1770096e-02  -1.1979834e-02   1.4811184e-02  -1.0336235e-02  -9.7475928e-03   8.5505579e-03  -3.9975255e-03  -3.1235383e-03  -1.2813967e-02   2.9142205e-03  -3.1963722e-02
   2.9063115e-02   5.8405419e-03   1.1663417e-03  -1.4607732e-02   1.8531362e-02  -3.1041048e-03   4.0266519e-04   1.0456229e-03  -1.1223843e-02  -1.4917546e-03   1.3946589e-03   1.0569851e-02  -1.6245041e-02   1.2050857e-03  -1.1367839e-02   2.1881677e-02  -3.2828735e-02   3.2344357e-02  -1.6228080e-02   3.7849221e-03  -6.6347290e-03   2.0704635e-02   4.6044893e-03  -1.6215953e-03  -1.0089247e-02  -7.1025448e-02   3.7947235e-02  -3.6218509e-03   1.7675333e-01  -1.1680113e-01  -6.1479352e-02   1.8225015e-02  -1.2066074e-03   4.6610801e-03
  -4.1895009e-03   1.7404915e-01  -2.6065661e-03  -1.0370191e-02  -5.8381960e-02  -2.8500058e-02  -1.0616096e-03   2.6329637e-02  -1.1483886e-03  -6.1948841e-03   6.0273138e-03  -4.2568408e-03  -3.8868495e-02   1.2797020e-02  -7.7942895e-03   1.4930268e-02   6.6752965e-03  -1.0379793e-02   8.4194378e-03  -4.6991534e-03   8.3603175e-03   1.1969468e-02  -2.2755315e-02   1.1067338e-03   5.1469818e-03   6.1006006e-02  -1.1783594e-02   5.2274315e-03  -5.8444507e-02  -2.6372143e-02  -7.9711331e-02   3.8321568e-02  -6.8723463e-03   7.6132137e-03
   2.9053851e-03   7.4132360e-04  -1.2289921e-02  -8.2010845e-04   1.1603085e-02  -4.9159551e-02   1.8263375e-01   1.4295476e-02   1.0117389e-02  -1.0706660e-01  -2.6606273e-02  -1.3049157e-02  -1.4658402e-02   5.1962962e-02   2.0075930e-03  -4.2776251e-02   1.5078840e-02   2.5639274e-02  -1.0506591e-02  -1.2992519e-02  -2.9444083e-03   1.7188138e-02   1.1409017e-02  -3.1108185e-03  -3.4713242e-03  -8.0764613e-03  -1.4854826e-03  -1.3039303e-03   2.7746409e-03  -1.6620409e-03  -1.5159078e-03  -8.5999318e-03  -7.8990216e-03  -2.2003613e-04
   4.8178865e-03  -2.1200085e-02   6.7100542e-04   9.3945472e-03  -2.4710349e-01  -1.3574176e-02   1.9085805e-03   8.6920190e-02   3.2416656e-02  -5.7948020e-02   5.5634810e-02  -1.7092456e-02   3.2629338e-02  -1.0764174e-02  -1.9628767e-02  -4.3023643e-02   3.0954898e-02  -2.2132691e-02   3.1426963e-02  -1.0001162e-02  -2.0114212e-02  -6.6690223e-03   9.3556711e-02   1.1106510e-03   7.6071820e-03  -3.0629114e-01  -3.4137158e-02   9.5513188e-03  -1.1538896e-01  -2.6657920e-02   5.6503698e-01   1.5592605e-02  -3.0165960e-03   1.1075623e-02
  -1.2851594e-03  -1.1987518e-03  -1.2804717e-04   1.1325722e-02   3.0885221e-02  -1.0159089e-02   2.5005983e-03  -2.6956951e-02   4.9879875e-04   6.8775512e-03  -2.0181419e-02   2.6302377e-02  -9.7417428e-02   1.7422903e-02  -5.0560562e-04   3.1712054e-02  -6.6125971e-02   8.5517061e-02  -3.6243940e-02   8.1682143e-04   4.4995730e-03   3.5342006e-02   9.8737882e-03   1.1805066e-03  -1.5394754e-02  -1.7162463e-01   1.6935021e-01  -3.1126513e-03  -6.4900601e-02   1.0455546e-02  -8.5509471e-03   8.3475309e-02   6.1540530e-03   5.5742013e-04
   6.8184282e-03   1.7083587e-03  -4.0539734e-03   2.2072951e-03  -1.4631797e-02   2.1160423e-03  -1.6278033e-03  -2.5132647e-02   5.2983214e-02  -4.9091427e-03   1.6344422e-02   1.8444193e-02  -1.1879943e-01   7.5544985e-03  -2.1298349e-02   8.9031517e-03   2.1685174e-02   2.0348557e-02  -2.3497964e-02  -2.5651754e-02  -1.0580026e-01  -1.8127492e-02   4.3503494e-01   7.0417775e-03  -6.8493500e-02  -1.6291484e-01   8.6149984e-03  -3.3763090e-03  -4.3595079e-03  -1.0017805e-03   1.6469471e-02  -2.6358090e-02   8.2896276e-04  -3.5754779e-03
   5.5910993e-03   1.8570627e-03  -1.4629068e-03   3.6357765e-04  -1.3550100e-02  -6.9972984e-03  -5.2944957e-03   1.6607878e-02   3.7327662e-03  -1.1417851e-02   2.0753114e-02  -1.9136965e-02   4.5404317e-02   5.9332996e-02  -2.2406326e-02  -8.1397727e-02  -6.0518846e-02  -1.1612698e-01  -3.3166899e-02   3.7581123e-01  -1.1588942e-01  -4.2216971e-03   3.5140672e-03  -1.8213761e-02   4.2716953e-03  -2.3951364e-02   1.3460087e-02  -1.2346775e-03  -1.3124164e-03  -9.3541808e-04  -4.3475148e-03   2.1046200e-02   3.8575368e-04  -8.0127021e-03
  -1.7004960e-02  -3.9736442e-03   1.4016146e-03  -3.1136242e-03   2.4986744e-01  -5.6829940e-03   3.9493678e-05  -1.2386744e-01   3.2447915e-02  -5.9543701e-03  -1.3190159e-02   3.4895762e-02  -2.1353931e-01   1.9066313e-02   2.8580288e-02   4.3073995e-02  -3.4965418e-02   4.7556788e-02   1.1633844e-02   1.0637096e-02  -1.6434283e-02   3.5953976e-03   1.1788821e-01   6.5475536e-04   1.3519574e-02  -4.5334669e-01  -1.2646605e-02   2.3259847e-03   6.5187075e-02   3.6177326e-03   2.0770942e-02   2.0552104e-01  -2.3900427e-03  -1.9921334e-03
  -4.4551186e-03  -6.8934127e-03   3.6381374e-03   1.9938923e-01  -1.7941475e-01  -7.0971559e-02   1.1645038e-03   2.4727852e-02   1.2252492e-02  -5.0940467e-05   1.0909771e-02  -8.5782563e-03  -3.7974197e-02   1.3365672e-02  -7.5786876e-03   1.7384096e-03   1.9621062e-02  -2.0077117e-02   1.2922752e-02  -7.7672825e-03   6.3851790e-03   4.7109636e-03  -2.8393334e-02   1.4466095e-03  -7.4631783e-04   6.2319311e-02   3.1952420e-03   1.6574588e-03   4.5923768e-04  -2.3650858e-03  -8.3054164e-02   8.0109470e-02  -1.9460602e-03   2.3110002e-03
  -4.5838753e-03   4.1149235e-05   4.3936662e-04   1.6421923e-03   6.2963984e-03   6.7687634e-04   1.8822471e-04  -1.2857423e-02  -5.3788861e-04   7.9018467e-03  -1.3719821e-02   3.3454341e-02  -2.0772721e-01   4.7401656e-02  -4.4423186e-03  -4.0951322e-03   3.8711577e-02  -2.6912297e-01   6.0999049e-01  -7.0947467e-02  -7.1167226e-02  -3.8340168e-02  -9.2132306e-02  -3.6821254e-03   8.5291987e-03   3.1918201e-02   1.7992817e-03  -1.2961362e-04   8.9595972e-03   1.9497033e-03  -2.8091383e-02   2.2269675e-02   2.8344386e-03   1.4203181e-03
   1.0492511e-03  -1.4038439e-03  -2.4395959e-03  -3.1295401e-03  -4.3381248e-01   3.0943712e-02   6.3161560e-04   1.1438911e-01  -5.4151812e-02  -1.8342801e-03  -2.4524038e-03  -6.3485834e-03  -2.0345124e-01   7.8743768e-02  -1.2878872e-02   9.0993621e-03   1.6280060e-02   2.9245841e-02  -8.5430393e-03  -4.3052739e-03   9.3532110e-03  -1.5269811e-02  -1.2802250e-02   1.7182517e-03  -1.0587114e-03   6.1106303e-03  -1.0072605e-02  -2.5130961e-03   9.6842327e-04   1.8363835e-03   1.0330907e-01   3.7751934e-01   2.7331908e-05  -4.9040389e-03
  -1.5795959e-03   1.2647052e-03  -4.4864722e-04   2.9880080e-03   6.2211847e-02  -1.0220609e-02  -1.2376889e-02  -2.0243505e-01  -2.5757888e-02   3.5540938e-01  -6.0741712e-02   1.2827705e-02   4.4519305e-02  -1.0741989e-01   2.0228434e-02  -6.9003962e-02   4.7579479e-02   2.2368181e-02  -6.3017279e-02  -1.2549142e-02   1.4177804e-02   1.8966980e-02   1.6165312e-03   1.4951435e-03  -5.8661889e-05  -1.0946681e-02   4.9193148e-03   3.6492021e-05   2.0037226e-03   5.2912031e-04  -3.3923194e-02   1.1908334e-02  -2.0874348e-03   2.8622649e-03
   2.9087039e-03   5.2950387e-04  -1.3821373e-03   7.5325617e-04  -1.7644431e-02   8.2797579e-04  -1.2068915e-03   5.3956388e-03   2.3668992e-02  -3.2811784e-02   8.4442629e-02  -1.5170879e-02  -1.4550234e-02  -1.1184519e-01   1.0878189e-01   7.2322234e-02  -2.5350438e-01   1.0174539e-01   3.7662245e-02   1.4055421e-02  -1.7529523e-03   9.3313728e-04  -1.8398178e-02   1.2645723e-03   7.0541073e-04   3.4178133e-02  -1.1865579e-02   3.4820440e-04  -4.5654323e-04  -3.8566341e-03   2.2592655e-04  -3.9407704e-03  -4.6845953e-04   6.0151034e-05
   4.2645376e-03   1.0486142e-03   1.5031216e-03   1.1324339e-02  -4.2088467e-02  -4.4385074e-03   2.0012492e-03   6.4271418e-03   9.9655127e-03   3.9711088e-02  -1.5849900e-01  -3.1019081e-03  -4.2280018e-02   5.2245121e-02   2.5155572e-01  -2.4868727e-01   1.4655417e-02   8.8917549e-02  -7.6625899e-03   2.3935106e-02  -9.8154851e-03  -7.1280585e-02   2.4336810e-02   1.2231640e-03  -2.7446825e-03   2.5228652e-02  -1.6237673e-02   2.4273990e-03  -4.3478986e-03  -3.8566526e-03   1.2943802e-02   3.3922369e-02   3.0208150e-03   1.6693501e-03
   3.4780704e-03   1.3859552e-03  -2.1196611e-03  -9.9272055e-05  -4.8395739e-02   1.0921176e-02  -2.2213818e-04  -1.0049940e-01   3.7202262e-01  -3.7162757e-03  -1.7176328e-02   1.4252941e-02  -1.9139802e-01  -4.3957837e-02   8.2706673e-03   2.8536053e-02   6.3285222e-04   5.0905953e-02  -8.6302412e-03   8.2462971e-03   4.7698528e-03  -2.9211968e-02  -8.0016143e-04  -7.0737447e-04  -5.8066436e-04   8.4820563e-02  -1.1711627e-02   2.8145803e-04  -2.2775736e-04  -2.0089279e-03   2.0187060e-05  -1.2951720e-01   2.7817729e-03   2.2855515e-03
  -8.8918012e-04   7.7595879e-04   2.2846542e-04   1.0015430e-03   2.2553891e-03   4.8394020e-03   9.2694929e-04  -2.0935805e-02  -3.2620103e-02  -3.8339019e-02  -1.8023207e-02   1.9996227e-01  -1.9213450e-02  -1.0440265e-01   3.5470991e-03   3.2366888e-03   1.3588101e-02  -7.2194668e-03   4.6831209e-03   1.2305589e-03  -2.4171325e-03  -7.9834330e-03   7.5772265e-04  -7.4786259e-04   2.2326386e-05   2.3623988e-02  -1.7027689e-02   2.4899065e-04   1.0596505e-02  -7.3941182e-04  -5.8166081e-03  -1.4908554e-03  -1.7969388e-03  -6.1508164e-03
  -2.3928725e-04   1.1888892e-04   4.6713341e-04  -2.8248266e-04   1.1712332e-02  -1.0918572e-03  -1.2705378e-03   4.7333256e-03  -1.5060670e-02   1.2216570e-02  -1.5430480e-02  -3.5190031e-03  -9.5674815e-02   2.4091741e-02   1.2366298e-02  -1.0486174e-02   4.3668171e-03   7.6811622e-03  -8.3393403e-02   1.5388221e-02   7.0765946e-04   2.5681245e-01  -6.6280863e-02  -1.7962980e-03   7.9970480e-03   1.9476144e-02  -1.0826134e-02   9.7873458e-04   4.5423176e-03  -1.4356928e-03   2.0131916e-03  -8.2439379e-02   7.9130705e-04   3.8037582e-04
