   2.1569517e-01   9.3849679e-02   7.3755530e-02   9.5422523e-03  -1.6130181e-01   3.6561079e-02   2.8511109e-03   4.3622693e-03   4.3040662e-02  -5.5616922e-02  -1.2263046e-01   5.6395423e-02   3.8471559e-02  -2.2640299e-02   6.2004146e-02   1.6573683e-02  -5.7741147e-04  -3.4837332e-02   4.9750458e-02  -6.2910869e-02   8.2669942e-02   6.2291491e-02  -5.2213781e-02  -4.5311171e-03   3.3956373e-02  -1.2936306e-01  -8.4343089e-02  -4.1277643e-02   2.0563362e-01   3.2692517e-02  -1.7321374e-01  -1.9533393e-01   8.2230826e-02   1.1237801e-01
  -4.9241688e-02  -5.2338658e-02  -2.8144433e-02   1.6883016e-03   3.5280653e-02  -1.3944462e-02  -3.5424563e-03   2.2288422e-03  -6.9163766e-03   5.1523396e-03  -1.0092692e-02   2.0203223e-03  -7.9360000e-04   3.1519993e-02  -1.7318253e-02   3.0094462e-03   2.0495320e-02  -2.5901950e-02  -1.0483234e-02   1.7939773e-02  -5.1430308e-02  -3.5953212e-02  -3.2372484e-02   2.1020778e-03   2.4835856e-02   7.4298383e-02  -2.3563209e-02   4.1370235e-03  -4.5999138e-02  -4.3145647e-02   1.8955148e-02   5.9074102e-02  -7.0591883e-02   1.9330546e-01
  -1.7544548e-02  -6.9492856e-02  -1.5159055e-02  -1.0081908e-01   4.8329460e-02   5.9887499e-02  -7.4153517e-03   1.3869783e-02   2.3197421e-02  -2.6949052e-02   9.3763691e-02  -1.5901768e-02  -5.8600656e-03  -4.5468272e-02  -1.0823257e-02   5.9311252e-02  -2.4005648e-01  -5.5835013e-02  -1.2180027e-02   9.2084684e-01  -8.0075962e-02  -1.6966578e-01  -1.6251383e-01  -1.1563850e-02   2.6201523e-03   8.0498834e-02   5.8941550e-03  -8.9501716e-03  -5.8949832e-02  -1.1415060e-03   2.0210363e-01   7.1513350e-02   5.1350205e-02   3.5738671e-02
  -4.8546411e-02   3.6581113e-03  -5.7572412e-02  -2.6807484e-02  -5.2905656e-02  -2.4647053e-02  -7.8118889e-03   1.5155461e-02  -3.2384358e-02  -3.2554136e-02  -8.7734137e-02   5.3202159e-02   2.9679779e-02   3.3714522e-02  -1.7796582e-02   4.1281500e-02  -1.9662222e-02  -5.6204619e-03   1.0437372e-02  -1.6289048e-02  -9.1887113e-02  -1.0212637e-02  -7.3433517e-02  -3.6642226e-04   6.2809419e-02   9.6282737e-02   1.4892244e-02  -9.3824681e-03  -9.6629696e-05  -1.5842416e-02  -9.1945118e-02   4.8056604e-02   2.4331887e-01   1.6582338e-01
  -4.2371492e-02  -1.3570205e-01  -2.0315593e-02  -1.6500352e-01   1.6971326e-02   4.3127645e-02   6.5463178e-04   1.1308011e-02  -5.3621806e-02  -2.1776659e-02  -2.9095637e-02  -1.0868594e-01  -2.4645716e-02  -2.9677040e-03   1.8640744e-01  -2.5249974e-01   1.4457257e-01   1.8555502e-01  -2.4285162e-02  -3.8427289e-01  -1.0162923e-01  -1.3795037e-01   8.6957524e-02   8.9442081e-03  -1.0295208e-01   5.4660074e-01   3.0183226e-02   3.3222700e-03  -1.0537938e-01   9.3734267e-03   2.9233591e-01   1.7196021e-01   5.4434851e-02   2.5754716e-02
   2.0625972e-02   9.1855820e-03   3.5638608e-03   2.7425159e-03  -6.4940542e-03  -5.0374082e-03  -4.5694991e-03  -7.1155682e-03   4.9300534e-03   9.3787258e-03  -8.5766664e-03   4.9439771e-03   2.7883472e-03   4.9155193e-03   1.8315092e-03  -1.0015184e-03  -2.2573989e-03   3.4449483e-04   7.5797537e-05  -1.3741018e-02  -6.0724220e-02   8.8701725e-03  -7.6189596e-02   1.7511799e-01   7.2798815e-03   5.7795863e-03   8.3821546e-03  -3.2830140e-03   2.0410859e-03  -2.7555341e-02  -1.3603826e-02   2.5704140e-03  -1.4985322e-03  -1.0449157e-02
  -8.6831962e-03   3.3563513e-02  -2.3543458e-02   5.4665777e-02  -3.3287440e-02   4.8275147e-03   1.8212508e-01  -4.4701815e-02   1.5002961e-02  -3.2151701e-02  -6.2712364e-02  -1.2298706e-02   6.0494582e-03  -8.6408680e-03   9.1888355e-03   1.2484929e-02  -7.1616079e-03   1.4098156e-02   1.7502669e-03  -7.0951753e-03  -1.0997712e-02   8.3880066e-03  -1.8331252e-02  -5.0381599e-03   3.1514356e-02  -6.7583974e-03   7.0782177e-03  -1.4504046e-02   1.2664918e-04  -2.7177185e-02  -2.2016615e-02  -1.2944453e-02  -1.2749299e-02   1.6039837e-02
   2.9614886e-03   7.6917866e-03  -2.6540111e-03   5.2919319e-02   1.4924596e-02  -5.4582050e-02  -4.2366116e-03   6.4811702e-03  -5.5259543e-02   3.7451520e-02  -5.2462447e-02  -2.7605332e-02  -6.1105153e-04  -5.6082403e-03   3.3168844e-02   3.4752380e-03   1.3207952e-02  -6.8335463e-02  -5.7156950e-03  -1.1642383e-01   5.6469426e-02   7.8828920e-02   4.9566009e-01  -8.9761888e-04  -5.4517258e-04  -9.6740315e-02  -2.2103159e-02  -3.7631352e-03   3.3955439e-02   8.5291403e-03  -1.7356342e-01  -9.5373724e-02   2.0629109e-02  -2.0139748e-02
   5.8619416e-03   1.1186706e-02  -6.1191046e-03   8.9060097e-03   9.4346022e-03   6.1769205e-03  -7.7332580e-04  -4.2826262e-02  -6.4431353e-03  -1.7707534e-04  -5.4369918e-02  -1.0189073e-02  -1.6609500e-02  -3.8975063e-02   1.8919758e-01   3.2946946e-01  -1.2091630e-01  -9.2321917e-02  -6.3808808e-03  -1.2249674e-01  -2.2299726e-02   1.1735274e-02   4.0717568e-02   2.3252504e-03   1.3547433e-02  -6.5168465e-03   1.0264690e-03  -1.7167569e-03  -1.3018473e-02   1.0853170e-03  -1.4766184e-02   8.7862318e-03   2.7425633e-03   9.4238867e-03
   1.5241385e-01  -1.2363406e-01  -4.3301091e-02  -2.4515407e-01   6.8864188e-02  -6.2938282e-02  -1.0379830e-02   3.3437603e-02  -2.3722028e-02   2.7011272e-02  -2.3549459e-03  -2.1177438e-02   1.2002355e-02   6.2368118e-03   2.6054531e-02  -1.0395715e-02   8.8423823e-04  -1.7438596e-02   2.4117728e-03   1.0778242e-02   4.4976557e-02  -9.4871879e-03  -4.5884443e-02  -1.0943243e-03  -3.6240851e-02   8.1249656e-02  -3.9909322e-02  -1.0401503e-02   7.1999184e-02  -2.7350470e-05   3.4334317e-02   8.8172963e-02   9.8891610e-03  -2.6806502e-02
   4.0197108e-03  -1.0785637e-02  -2.6767614e-03  -3.0333977e-02  -5.2909898e-02  -7.6780676e-02  -5.2516273e-03   4.6300100e-01  -4.4392490e-03  -9.6474441e-04  -4.3688442e-02  -8.9012952e-03   3.8413132e-03  -1.4754466e-02  -3.6455722e-03  -1.1299640e-02   8.2734335e-03   1.0117280e-02   4.5136903e-03  -2.4771633e-02  -2.7270614e-02  -5.0499571e-02   1.8266646e-02  -1.3733215e-04   1.0359556e-02  -1.2688008e-02  -8.1906915e-03  -8.4371098e-03   2.9552726e-02  -1.7012744e-03  -6.8007782e-02  -7.2914402e-02  -5.9220857e-04   1.7641614e-02
  -1.1912317e-01  -1.4856049e-02  -2.5187565e-03   8.0635911e-03   2.7368129e-02   1.4956832e-03  -9.1211228e-04   2.2941840e-03  -8.8238143e-03   1.3759451e-03  -4.6760306e-03  -7.8509234e-03   9.3895071e-03   7.1023937e-03  -1.5855622e-03   2.9269959e-03  -6.0879413e-03   4.6195176e-03   2.7310386e-03   7.2090072e-03  -4.7348387e-04   8.6996044e-03  -1.6276851e-03  -3.0863685e-03  -2.4903857e-02  -4.5688651e-03  -2.4505203e-02  -1.6093553e-02  -1.2594555e-02   1.6573735e-01  -3.8381980e-03   1.2377008e-02   9.8481976e-03  -2.9157921e-02
   8.0356466e-03  -1.2566243e-02   2.5862445e-03   2.1517730e-02  -2.6140251e-02  -1.9859016e-03   1.0908765e-03   1.8354509e-02  -3.9214683e-03   7.1934818e-03  -1.6972250e-02  -5.2207403e-03  -1.0163537e-02  -7.1508388e-03  -9.1575110e-02  -3.3873154e-02   3.2869017e-01  -4.0729946e-02  -5.9201689e-03  -6.9158450e-02  -1.8750463e-02   1.0759610e-03   4.6588441e-04   2.4315284e-04  -1.0191634e-02   9.0775041e-03   5.5193823e-03  -1.4756381e-03   1.9516276e-03   1.9022648e-03  -7.0231809e-03  -2.5595324e-04  -1.4410380e-03   2.1065925e-03
  -9.7242336e-04   2.5224698e-02  -2.8877000e-03   1.2173888e-02  -2.2903601e-02   9.7150429e-03   7.6193256e-04  -2.3433796e-02  -5.6694192e-02  -4.5171951e-04  -4.4092010e-03  -2.7942366e-02   2.5481417e-01  -1.6599071e-03  -2.0583020e-03  -2.6170919e-02  -5.9551748e-03  -2.4698436e-02   6.9213926e-03  -3.0242953e-02   2.3138063e-02  -2.2006419e-02  -3.9684376e-02  -4.2485015e-04  -1.3215962e-02   2.4382019e-02  -1.2504129e-02  -1.5233991e-06  -9.9962104e-03  -4.6475257e-03   1.9361955e-02  -5.2947036e-02   5.3784242e-04   9.6272451e-03
   6.3330949e-03  -2.2734199e-03  -1.9175123e-03   1.5796848e-02  -1.3049995e-02  -3.6135428e-03  -2.9940241e-03  -5.4903797e-02  -6.8454985e-03   3.1569280e-02  -4.8145917e-02  -4.4014625e-02  -2.2911316e-02   3.0587629e-01  -8.7025423e-02  -2.0846995e-02   7.0155863e-03  -3.6284614e-02  -8.3025975e-04   1.2694171e-03  -4.6490872e-02  -4.9520207e-02   2.7148363e-02   1.1982633e-03   3.4570564e-02   8.5561206e-03   9.1298560e-03  -1.2118306e-03  -7.2923841e-03  -9.8576684e-05  -1.4281163e-02   2.1413880e-02   4.6800181e-03  -8.2130910e-04
  -5.5427377e-02  -2.2468611e-03   3.2815283e-03  -6.2779456e-03   2.4878776e-02  -2.1467355e-02  -1.9841484e-04   1.1370272e-03  -3.1661885e-02   1.7818511e-02  -1.7642847e-02  -3.3876962e-03   1.4216584e-02   3.0566791e-03   2.1805994e-02  -1.2208987e-02  -2.7744838e-03  -1.3609261e-02   1.8703225e-03   3.1944297e-02   8.4051400e-03   2.1359950e-02  -8.6225961e-02  -7.7168962e-05  -4.8627445e-03   1.5543390e-02  -2.3087125e-02  -1.9035284e-02   1.7590244e-01   5.7448971e-03  -4.8113486e-02   1.2823897e-02   7.6347189e-03  -1.2821009e-02
  -4.0606668e-03   2.1215123e-02  -1.0294287e-02  -2.6021690e-02   1.5590764e-02   1.0861885e-02  -6.0002884e-03  -6.6751655e-02   1.9295624e-02  -2.6730008e-02   2.9854852e-01  -2.8981650e-02   5.2418091e-03  -6.9430366e-03  -8.8834031e-02  -3.8430798e-02   3.7927663e-02   2.9619447e-02   2.0498065e-02  -1.0289057e-01  -3.3280770e-02  -9.9562049e-03   4.8432252e-02   1.5700880e-03   2.6504107e-03   1.7041324e-02   3.7463079e-03  -3.6085416e-03   1.8617027e-02   2.7339044e-03  -5.7053264e-02  -3.7989153e-03  -1.6883050e-03   3.9369686e-03
  -4.8700764e-03  -1.1282362e-02  -4.7985373e-03   1.6930045e-03   4.3480604e-03  -3.7958392e-03  -2.7726923e-03  -1.9540489e-03  -3.6109123e-03   1.9706254e-02  -4.4060544e-03  -2.7770740e-03   5.2645620e-03   3.4647221e-03   2.1445248e-03  -2.0337765e-03  -3.7454008e-03   8.0601276e-03   2.1852545e-03   2.3282487e-04  -2.1177675e-02   9.8499456e-03  -5.5265684e-02  -3.2123122e-04  -1.2717508e-02  -9.8198059e-03  -2.1114084e-02   1.9070809e-01   1.1322962e-02  -9.5078957e-03  -1.8381520e-02   4.5129997e-03   4.6601533e-03  -5.7105837e-02
  -2.6541772e-03  -2.1869367e-03   5.0203607e-03  -3.9717759e-03  -3.7930157e-02   3.4780077e-02   2.9610810e-03  -5.2067662e-03   5.3731773e-03  -1.3791230e-02  -2.8914450e-02  -2.5467211e-03  -3.7218209e-02  -2.6309961e-02   2.2433496e-02  -4.8320940e-02  -7.6959422e-02   3.3521929e-01   8.1760059e-03  -6.6302288e-02  -7.0171661e-02  -6.2757550e-04   1.0545549e-02   9.7928411e-04  -1.4705836e-02  -3.5253021e-02   1.3059845e-02  -3.2979746e-03   2.0630619e-02  -2.6914354e-03  -4.8036945e-03   1.7136428e-02   1.1562717e-03   1.0617917e-02
  -4.1115846e-03   6.6339477e-03  -5.7383464e-03  -1.5329919e-02   4.2438981e-03   1.5637073e-03  -1.1335232e-02  -5.7687383e-02   2.6176329e-03   1.4264235e-01  -1.8994435e-02  -2.6249442e-02   2.0052500e-02  -5.0524964e-02   1.7999205e-02  -6.5278957e-03  -4.4612032e-04   2.5338860e-02  -6.0068848e-03   3.5135561e-04  -1.5774105e-02  -3.1560614e-02  -8.7202418e-02  -3.7096971e-04   1.2739957e-01   6.2111691e-03   1.3986721e-02  -7.8591707e-03   6.1551487e-03   7.2476245e-03  -3.4454236e-02   2.9180225e-02  -9.4853924e-04  -1.9724741e-02
   3.9305253e-03   4.4293082e-02   5.3010751e-03   5.2601896e-02  -2.7591842e-02  -1.1320454e-02   2.2258805e-03  -5.2419952e-02  -5.9804275e-03  -1.7853855e-02  -4.8574250e-03  -1.9219769e-02  -1.8121143e-02  -5.8501365e-03   8.9740573e-03  -1.3435895e-02   1.1688541e-02  -3.3549062e-02   1.2709715e-02  -1.5875586e-02   1.1848986e-01  -1.8142291e-02  -1.9840810e-01  -3.4019927e-03  -1.2991591e-02   3.0558912e-02   1.3653906e-02  -1.7262272e-03   1.2489552e-03  -1.3874827e-03  -1.9862388e-01   3.5142046e-01   2.7645822e-03   1.4437763e-02
   1.6975334e-02  -2.3864635e-02   6.6837774e-03  -3.1853686e-02   3.0912229e-01  -8.4525311e-03  -2.1625229e-05  -5.9499619e-02   3.9258572e-03   1.9939827e-02  -2.7941074e-02  -5.1091038e-03   7.2828099e-03  -2.7687691e-03   3.6902879e-02  -6.1847855e-02   2.1023762e-02  -4.5402509e-04  -4.9092867e-03  -1.1420722e-02  -1.4016141e-02   1.2835061e-01  -4.7451431e-03  -2.7892499e-04  -3.0420388e-03  -1.6855618e-01  -9.0377768e-03   2.3053431e-04  -1.7513643e-02  -1.1019697e-02  -2.0672384e-02  -8.0592755e-02   4.2461576e-03   2.5845457e-02
   1.1290378e-03  -1.7103105e-03  -6.0693550e-03   2.0442918e-03  -5.0641050e-03  -2.9626445e-03  -5.7729485e-03  -8.6310099e-02  -6.0987654e-02  -8.2223620e-03  -5.2674896e-02   3.5427654e-01  -1.8716020e-02  -3.4792637e-02  -2.8277013e-02  -2.5654769e-02   2.0045100e-02  -2.1569334e-02  -4.1826670e-03  -2.2711340e-02   9.0952945e-03  -7.5566864e-04  -1.8620885e-02  -3.7702259e-04   6.6722203e-03   5.9761024e-02  -9.9759285e-03  -2.4419437e-03   7.4361313e-03  -1.6894564e-04  -6.3529343e-03  -3.3860505e-02   3.4021160e-03   6.9190938e-04
  -2.6434773e-02  -3.6411480e-02   1.6637139e-01  -6.9464087e-02  -6.5477963e-03  -5.2863109e-02  -2.6203802e-03  -2.6922051e-03   7.2155422e-03   4.9379439e-03  -9.5946534e-03   1.1725366e-03   1.3921385e-03  -7.9479928e-04   3.4798562e-03  -2.7276841e-03   2.2025514e-03   2.8629622e-03  -8.4237129e-05  -1.0531835e-02   6.4813655e-04  -9.4959906e-03  -3.0752932e-03   4.5617644e-04   7.4315460e-03   3.6377981e-02   2.7783406e-03  -5.7354136e-03  -1.8448615e-02  -5.8812310e-03   1.5973119e-02   1.2753183e-02  -1.9218661e-02   1.7987213e-02
  -8.6975526e-04   7.5749987e-03  -7.3762062e-04  -1.2995438e-02   8.6986652e-03  -1.6499015e-03  -1.2956889e-04   1.6313720e-02  -1.2679070e-02   6.7630986e-03  -2.5512647e-02  -1.5094426e-03  -1.9079179e-02  -7.7023706e-03   8.1497125e-03   1.3306038e-02  -6.1756473e-03  -6.3554544e-02   1.7248125e-01  -1.4471165e-02  -5.2090951e-02   8.7517768e-04  -1.2171157e-02   4.1430643e-04   9.0296883e-03   7.8999618e-03  -2.7226339e-03   1.3729414e-04  -9.5230035e-03  -1.4349073e-03   1.7774313e-02  -3.3573785e-02   1.5809880e-03   2.8337186e-03
  -1.6738164e-02  -3.3189123e-02   1.1500650e-03  -1.2107825e-02  -4.0328946e-02   1.0214729e-02  -2.4883204e-03  -4.2111267e-02   5.5013235e-02   1.7615213e-02  -5.3631821e-03   6.5030887e-03  -4.6412075e-03  -7.7057189e-03   1.4104287e-02  -3.0998650e-02   3.0596557e-02  -2.6585461e-02   2.8626820e-03  -4.8424609e-02   3.2894241e-02   4.8245317e-03   2.2325538e-02  -5.7483046e-04   2.1378134e-02  -2.5036859e-01  -1.6897375e-02  -6.6026466e-03   4.4612856e-02  -1.2104591e-03   1.5232580e-01   1.3334984e-01   5.3772341e-03   5.6252442e-03
  -3.0734923e-03   3.0267635e-03   2.2188468e-03  -3.0069155e-02   2.4853302e-02   8.9310194e-03   7.5926824e-03   4.1656686e-02  -1.4415152e-02  -1.1867288e-01   1.5478838e-02   1.5917382e-02   1.2531769e-02   8.2242636e-03   2.3231625e-02  -2.5155670e-02   1.6318695e-02  -3.5566779e-03  -2.5693790e-03  -6.6806684e-03  -1.4606121e-02   1.5537638e-02  -8.5546927e-02   6.2043397e-05   1.5737848e-01  -5.0838249e-02  -6.1136891e-03   7.4065848e-03   2.7519260e-03   5.9901382e-03  -2.4660133e-03   2.0751332e-02   5.6807627e-04  -2.6107786e-02
  -5.7631388e-03  -2.7697067e-02  -2.8932543e-03  -1.4037028e-02   1.2200752e-02  -9.1026009e-03   3.3095069e-04   1.0028537e-02   6.9070495e-03  -3.4773686e-03  -3.8175690e-04   1.1791930e-03   1.5981133e-02  -6.5217549e-04   1.9002252e-03   5.3037748e-03  -2.9897197e-03  -1.7500342e-02   1.5449391e-03   1.0692531e-02  -1.1675666e-02   2.4585259e-02  -1.1694510e-02   2.0119719e-03  -4.6398571e-02  -9.0352702e-02   2.0002530e-01  -6.7841495e-03  -1.1566973e-02   1.7990543e-02  -3.0005518e-02  -9.3587216e-03   4.9723069e-03  -1.5094673e-02
   3.0650414e-03  -1.3140768e-02   6.1384428e-04   2.6107503e-02  -2.7024098e-02  -2.2169381e-03   7.9844446e-04   5.2602936e-03  -1.2153063e-02   1.4854590e-07  -2.5504303e-02  -8.6403486e-03   7.3407101e-04  -7.1059485e-03   2.7743049e-01  -2.9746360e-01   8.5996989e-02  -9.2678607e-03   9.5276536e-05  -1.1769202e-03   2.7309532e-02  -2.3815584e-02   5.1667734e-04  -4.9261524e-04  -9.8292727e-03   1.5337782e-02  -2.1804214e-04  -1.1145264e-03  -4.2940384e-03  -4.0859020e-04   5.0102209e-03  -5.4632419e-03  -9.0677133e-04   3.2736664e-03
  -2.6561696e-04  -4.0544834e-03  -1.0528292e-03   1.3938160e-02  -8.1656256e-02   7.1390401e-03  -1.4087671e-03   2.5743284e-03   8.0734350e-03   1.3208682e-02   1.2457693e-02  -2.4347391e-02  -1.9290473e-02   1.0183266e-02   4.7596586e-03  -1.5659080e-02   5.0716790e-04  -2.9695590e-02  -4.8161002e-03   2.3502435e-02  -6.8214503e-02   2.5333798e-01  -1.1285246e-01   4.5603355e-04   1.0069255e-02   9.2541194e-02  -9.4254742e-03  -2.9339445e-03   1.2417786e-03  -3.8332569e-04   5.1906060e-03  -8.5292726e-02   2.1253268e-03   6.6505566e-03
  -1.1286824e-03  -4.2905379e-02   6.0763043e-03  -7.2939486e-02  -1.0145642e-02   1.9562316e-01   5.2128792e-03  -4.3080917e-02  -1.2994229e-02  -9.2791355e-03  -2.8440953e-02  -1.0764391e-02   6.9321008e-03   6.1916719e-03   4.8079204e-03   5.2688100e-03   5.2184769e-03  -2.5987621e-02   4.8536743e-03   1.8280042e-03   1.6842883e-02   2.2815970e-03  -2.5608859e-02  -6.9115001e-04  -4.4304645e-03   3.5007344e-02   5.6493497e-03  -2.5675341e-03   1.5903221e-02   3.6096470e-03  -3.3478763e-02   1.7417304e-02  -1.2585132e-02   4.4478620e-03
  -4.3457959e-03  -4.1196252e-03  -2.8139265e-03  -6.9811358e-03   8.0540766e-04   3.0815340e-03  -5.7519055e-04   2.0568181e-02  -3.1754735e-05  -7.2406102e-04   8.2649695e-03  -1.8444751e-02  -1.6621885e-02   1.4519902e-02  -3.1334198e-03   1.5717650e-04   5.5625711e-04   1.8996342e-02  -1.1010169e-03  -1.1233273e-01   2.7397056e-01   6.8079548e-03  -1.3542608e-01  -5.3585819e-03  -1.3557541e-02   1.6443527e-02   1.0343096e-02  -6.1219174e-04  -7.1425874e-04   1.5020687e-03   3.1158456e-02  -6.6402207e-02   3.0841764e-03  -2.7346276e-03
   1.1510403e-03  -8.1108194e-03  -2.1373251e-05   8.9907386e-03  -7.5415837e-03   6.7282664e-03   6.4946874e-04  -5.6948773e-02   1.9493561e-01  -1.4583700e-02  -2.7114635e-02  -5.2631985e-03  -1.6839639e-03  -1.3877765e-02   1.6091758e-02  -1.2853904e-02   1.0140456e-02  -1.4280737e-02   1.4371542e-03   5.6868575e-03  -8.5057376e-03  -4.2614492e-02   9.6510713e-03   3.7640863e-04   3.4993392e-03   4.7213100e-02  -1.3845568e-03   6.9309368e-04   1.3806839e-02   2.3138951e-03  -3.4147681e-02  -7.8568758e-02   3.9681837e-03  -2.3530992e-03
   2.9823561e-02  -1.4231855e-01   5.9105296e-03   1.0089357e-01  -8.9456567e-03  -1.5204620e-03   2.3209218e-03  -4.9288877e-03  -1.3088291e-02   3.7433144e-03   9.8729384e-03  -3.8333884e-03   7.4722554e-03  -8.4059469e-03  -1.3849462e-02   1.9911530e-02  -1.0367723e-02   2.0334785e-03   9.8007366e-04   1.0317333e-03  -2.0955097e-03  -7.5326940e-03  -6.9968897e-03   4.0488254e-05   9.8467778e-03   1.6921926e-02  -9.4753825e-03  -8.3736464e-04   1.2252041e-02   6.8392039e-03   9.2347313e-04   7.5727447e-03  -1.8026321e-03  -1.0026691e-03
