  -1.1727195e-02  -1.2360925e-01   3.1278451e-02   1.8361646e-01  -1.8271288e-01  -2.3758411e-02  -7.6543578e-02  -2.4891754e-02   2.5322283e-02  -5.9464948e-02   7.5623825e-03   1.9980321e-01  -8.9837747e-02  -4.1358262e-02  -2.4626887e-02   4.0935344e-03   1.0805894e-02   7.9817102e-02  -1.8514881e-01  -4.7831583e-04   9.3737078e-03   9.9407110e-02   3.6696072e-02  -9.8568699e-03  -1.0510220e-01   1.3280474e-01  -1.3834950e-02   6.6265069e-04   8.7766086e-02  -3.8839925e-02  -1.6319254e-01  -2.0853977e-03   2.9000761e-01   1.0029300e-01
   9.9260567e-03   3.2559524e-01   2.2042915e-02   1.6985671e-03  -1.5942618e-01  -3.8910591e-02  -5.1719887e-02  -4.9673823e-02   5.4954526e-02  -7.2729867e-02   4.9296683e-02   1.2391775e-01  -3.7489929e-02  -1.3078797e-01   2.8777340e-02  -1.5937091e-02   1.8489587e-02   1.5576337e-02   1.0307534e-01  -1.0059628e-01  -4.5972041e-02   1.0589284e-01  -6.8804549e-02  -3.3679220e-02  -9.0041173e-02   6.0002950e-02  -2.9241340e-02  -1.8420163e-02   1.3782009e-02   2.1455350e-01  -3.6313731e-01   4.2981828e-02   1.4370987e-01   2.0752138e-01
  -7.7958099e-02  -6.7979222e-02   1.1759959e-02   1.2805559e-01  -1.5636230e-01   9.1403217e-03  -1.9583859e-02   4.3872816e-02   2.3010480e-02  -2.8180920e-02  -5.2136989e-03   6.0632818e-02  -7.0670620e-02   3.9015496e-02  -1.4952002e-02  -1.1485843e-02   5.7969955e-03   4.2788960e-02  -3.5070366e-02   9.8024483e-03   9.1004446e-03   3.7933305e-02  -4.9351653e-02  -1.6328448e-02  -5.4916508e-02   2.4670099e-02   1.6082792e-01  -6.1431807e-03  -1.1361269e-01  -1.0234991e-01   1.5893867e-02  -8.0292683e-03   9.9809037e-03   2.7808679e-01
   1.2751090e-01  -3.1346726e-01   1.5526090e-02   1.0524393e-01  -5.6707083e-02   9.2176999e-04   5.2152290e-02  -4.6570394e-02   8.7824688e-04  -4.2375727e-03  -4.9069152e-02  -8.1073091e-02   4.9617618e-02   5.0822346e-01  -1.1868552e-01  -8.8563721e-02  -1.4162460e-01  -7.5800638e-02  -4.2610875e-01   9.7734464e-01   7.1855440e-02  -3.1937133e-01   2.1392973e-01  -1.6410563e-02   1.8158421e-02  -1.2434980e-01  -8.6761915e-02  -2.0983809e-02   3.9393978e-02  -1.3992452e-01   2.2531378e-01   2.6317842e-01   7.9375198e-02   6.8272650e-02
  -1.3885979e-03  -9.7086676e-02   1.7004155e-02   2.1660437e-02   1.0796121e-01   1.6943420e-02  -2.0382497e-03  -5.6424756e-02   3.2113213e-04  -6.7823428e-02  -8.8776600e-02   1.7177926e-01   5.3813641e-01   1.1343912e-02  -3.3040661e-02  -6.1410181e-02   7.5033063e-02  -2.9311224e-02   2.0556147e-01  -5.4640261e-01  -7.4389135e-02  -3.0659909e-01   8.0173637e-02   2.3988143e-02  -3.4337448e-02   1.0359963e-01   8.9003940e-02   3.0110635e-02  -3.0208078e-02  -7.3915791e-02  -9.3141310e-03  -2.9695456e-02   4.6970158e-02   7.0525676e-02
   1.8912368e-02  -1.6607797e-02   3.3643659e-04   8.4644213e-03  -3.6357241e-02  -2.8791182e-03   4.7194438e-03   1.9649634e-02   1.3573888e-02   6.0417422e-03   1.3394745e-02  -1.6622529e-02  -6.1082703e-02  -7.5337052e-02  -1.8003066e-01   3.3290440e-01   1.4570721e-01  -5.1784413e-03  -6.6287704e-03  -1.6042118e-01  -4.6334943e-03   1.8620488e-02   1.5752035e-02   3.5084776e-03  -2.3711801e-03  -4.5040092e-03   1.6089788e-02   4.2938632e-03   2.9961971e-03  -9.8852063e-03  -2.4381196e-04   2.0697585e-02  -5.6365658e-03  -2.4907463e-03
   5.5099843e-03   1.3354368e-01  -1.3337772e-02  -1.5787572e-02  -1.6261002e-01  -2.1792365e-02  -9.3321923e-03   2.5155881e-02  -1.3594221e-02  -7.5385040e-02  -2.0418515e-02   1.9188414e-01   3.7844766e-01  -6.1083819e-02   8.1555253e-03  -8.2471790e-02  -2.1568908e-02  -1.9853418e-02   2.5437797e-01   7.1063450e-02  -2.1405275e-03  -2.2281668e-01  -1.4634363e-01  -1.3329633e-02  -1.4777169e-02  -1.3580452e-01   1.2404700e-01  -6.4862420e-04  -2.7451124e-02   1.2861313e-02  -9.5467586e-03  -1.3393201e-01   4.3830783e-03   1.1719288e-03
   2.5081733e-01  -3.2457845e-01  -3.7286829e-03   9.5038459e-02  -6.5327454e-02  -4.2178889e-03  -8.0405933e-03  -5.5567112e-03   9.7164191e-03   2.5113498e-03  -1.3203605e-02   4.2787604e-02  -3.7037923e-02  -2.7277590e-02   2.8684568e-02  -2.7820419e-02   2.1265617e-02  -5.6681293e-03   1.8405848e-02  -2.3227325e-02  -6.7133614e-03  -2.4583300e-03   1.8933181e-02   1.7072301e-03  -1.0192086e-02   2.4058231e-02   2.7732917e-02   1.9959932e-03  -1.8764765e-02  -1.1299320e-01   1.0324894e-01   1.4673721e-02  -1.5541568e-02   4.3905629e-03
   1.3910650e-02  -1.1991798e-02  -2.1755122e-03   7.5674178e-03  -2.2065846e-02  -1.2614046e-02  -2.8743066e-02  -5.1260660e-03   1.8473879e-03  -1.9784326e-02   3.3002159e-01  -8.5114513e-02   3.0266845e-02  -6.5834609e-02  -7.8758001e-02   6.0215583e-03   3.3567908e-02   9.6983661e-03   4.3637773e-02  -1.1903308e-01  -4.4851802e-03  -5.2084282e-03   3.4604950e-03   7.4397626e-03   6.2025108e-04   1.2096747e-02   1.7059423e-02   6.1328672e-03  -2.0637422e-03  -1.4052102e-02  -4.9882640e-03   1.4213127e-02  -1.4775755e-03   4.0275910e-03
   8.1953269e-03   1.4585137e-01   4.5043602e-03  -8.4081267e-02   2.3687009e-01   1.1503411e-02   5.7581170e-03  -5.0674217e-02   8.3745037e-04   2.1104144e-02  -5.2464127e-04  -7.3279065e-02   4.2040734e-02   2.0267953e-02  -3.5683103e-03   1.5765787e-02  -1.8604914e-02  -1.7114149e-02  -1.5800971e-02   6.9248835e-02   3.9082042e-03  -1.7339227e-02  -1.0331877e-02  -1.2268440e-02   3.8512089e-02   1.1872317e-01  -3.8206414e-01  -7.5498102e-02  -5.7523927e-03  -2.1035035e-02   5.2161513e-02  -4.2010166e-02  -1.3957589e-02   5.6448125e-02
  -1.9746615e-03   3.5379592e-03   3.2875957e-03   1.1280868e-03   1.1826210e-02  -9.3546308e-04  -9.0492165e-05  -8.2926226e-03  -8.9936826e-03   7.0408494e-03  -1.3445029e-01  -5.8559404e-03  -1.3706572e-01   2.7009883e-02   3.7037602e-01  -1.1224478e-01   1.1015217e-04  -1.1861083e-02   1.5477890e-02  -5.1600552e-02  -7.3542413e-03   7.8426293e-02   2.6558833e-03   2.7285354e-03  -4.2590655e-03  -5.6245035e-04   7.3257736e-04   2.9513214e-03   1.0130497e-03   5.9490562e-03  -4.2134157e-03  -1.2825431e-02  -1.1919730e-03  -4.2934847e-03
   8.3406557e-03   2.5227905e-02  -2.6801660e-03  -1.6392472e-03  -8.4725771e-03  -5.9122359e-03  -1.7455035e-03  -1.2583880e-02   8.2053451e-03  -7.9429958e-03  -1.5396588e-03   1.9175043e-02  -2.1464046e-02   1.6753930e-03   3.9212641e-03  -7.7665007e-03   1.7768097e-02   8.0284400e-03   8.0160110e-03  -1.0945422e-01   3.1788370e-02   2.4399592e-02  -3.7581599e-02   1.7009513e-01  -4.3459836e-02   1.6092158e-02  -2.8740847e-02  -2.4657953e-02  -7.6002192e-04   1.6739659e-03  -4.8334170e-03  -9.0003016e-03  -1.9658928e-03  -7.0187819e-03
   3.9363182e-03  -1.7415323e-01   4.6716792e-02   3.0660939e-01  -2.1978534e-01  -2.8391268e-02  -2.5085065e-03  -1.9792429e-02   5.9438451e-03  -9.6278654e-04  -2.1798155e-03   3.1064167e-03   1.0758553e-02  -8.9569124e-03   1.2631449e-02  -9.2368485e-03   1.0352971e-02  -8.2512754e-03   4.7159839e-03  -5.1924523e-03  -4.7002676e-03  -1.0240420e-02  -2.5761016e-02   9.2759143e-04  -3.9271821e-03   7.4832041e-02  -3.6926946e-03  -1.3184411e-04  -1.2231464e-03   2.2486537e-03   7.9595935e-03   4.6451387e-02  -1.3172769e-02   8.0937373e-03
  -1.1620881e-02  -1.1172311e-01   1.8156695e-01   1.7230104e-02  -6.6698124e-02  -4.4238612e-02  -6.6899591e-03   6.4938242e-04  -1.1603632e-03  -1.0045310e-02  -3.9759040e-03   9.8098719e-03   3.2756958e-04   1.6286251e-03   3.3452924e-03  -1.0511987e-03   4.6622168e-03  -1.3040721e-02   8.7133008e-03  -8.2008948e-03  -2.8588392e-03   6.8191800e-03  -5.3241123e-03  -6.7961023e-04  -1.9384802e-03   1.8774361e-02   8.3876747e-03  -3.3402754e-03   3.0200316e-03  -9.4347317e-03   3.6480884e-02   1.5326328e-02  -2.3913464e-02   1.3291860e-02
  -3.9998245e-03  -2.7251802e-02   3.1029530e-03  -1.0173306e-04   7.1373766e-02   3.4064237e-03  -5.2253824e-03  -2.3988353e-02   2.8404974e-02   3.4080727e-02   3.8944219e-02  -2.1679245e-03  -1.3449236e-01  -2.8208603e-01   1.1731475e-01  -3.7581125e-02  -9.6859075e-03   1.2294588e-02   5.0458849e-01  -8.5763111e-02  -8.1628561e-02  -8.5972598e-02  -1.6107316e-02   1.5147735e-03   1.7373289e-02  -7.8872356e-04  -3.1806966e-02  -6.1079036e-03  -6.5420001e-04   2.1746557e-03   9.6186099e-03   7.2004143e-03   8.3689809e-03   1.2174899e-02
   2.3943053e-03  -6.8401283e-02  -2.4701305e-02  -6.5016443e-03  -1.6506290e-01   6.1796056e-02   4.0636114e-02   3.4725272e-01  -4.0321846e-03  -1.0570488e-01  -4.7791423e-03  -3.9374029e-02  -8.5682007e-03  -2.0677356e-02   2.8658133e-02  -2.3730367e-02   1.3400082e-02   1.4192300e-02   3.3534204e-02  -2.6809808e-02   1.4959523e-03  -2.5430115e-02  -1.2236290e-02   1.6895521e-03   2.0795290e-02   1.2686486e-02  -1.6081657e-02  -3.1919814e-03   3.7929310e-03   2.0308204e-02   4.1572755e-02  -6.1783200e-02  -1.6844999e-03   6.0140107e-03
   7.8892890e-03  -2.8337085e-02  -2.4614905e-02  -8.0844186e-04  -2.4760399e-02  -5.3010993e-02   1.9216762e-01  -1.7828121e-02  -1.6412855e-03  -3.8231762e-03  -3.8741732e-02  -1.1844621e-02  -1.4045796e-05   8.9733940e-03   7.2722852e-03  -6.7866079e-03   4.7990502e-03  -8.7359750e-04   3.7520101e-02  -3.0859618e-02  -1.1655911e-02  -1.1389912e-02  -5.7986891e-03  -2.8263117e-03  -1.2236145e-03   1.4571000e-02   4.5520259e-03   2.5586408e-03   7.2919684e-03   6.3933782e-03   4.4143864e-03   1.1479229e-02  -5.2532480e-03   2.5962572e-03
   4.0135827e-02   2.5420273e-01   5.4078899e-03  -3.8032926e-02  -1.2584512e-01  -1.7016516e-02   3.8042143e-04   2.6096163e-02  -3.8628142e-03  -1.0666478e-02   4.8002108e-03  -1.4256686e-02  -3.3887399e-02   1.8028441e-02  -6.8332145e-03   6.9940618e-03  -8.4116400e-03   1.0704010e-02   4.8439096e-02  -3.1088177e-02  -8.7360056e-03   3.8327381e-02  -2.9601929e-02  -3.8882492e-04  -8.9732752e-03  -2.2176254e-02   8.3160034e-02   1.8648384e-02   3.2639532e-02  -2.1672808e-01  -2.1409255e-02   5.3009475e-03  -8.4741708e-03   2.1443836e-02
   6.2659608e-03  -3.2082117e-03  -1.8614531e-03  -1.0903014e-02   2.3224873e-02  -2.1946211e-04  -2.0117556e-03  -7.9603866e-03   1.3319745e-02   6.8692771e-04   8.4407307e-04  -1.4815280e-02  -1.4345497e-02   1.1239029e-02  -5.3062238e-03   2.2575969e-03  -1.1485145e-03   3.8030171e-03   6.9963783e-04  -4.0661626e-03  -2.5049347e-03   1.6992674e-02   3.1340904e-03  -2.1170538e-03  -2.2299466e-02   1.7221697e-02  -1.6888765e-01   1.4496041e-01  -9.0601019e-03  -7.9078495e-03   5.7791325e-02  -2.9313437e-03   1.8536005e-03  -2.3160800e-02
   3.6507852e-04  -3.2301723e-03   3.6126975e-05   1.1388612e-02  -4.5887343e-02  -2.0411446e-03   3.9110713e-03   3.0328798e-02  -2.2073290e-03   9.5601165e-03   1.3016174e-02  -8.0278377e-02  -9.7655561e-02   1.8349260e-02  -6.8424747e-03   2.6717259e-02  -1.3790199e-02  -6.4387253e-03  -1.7934425e-01   2.6222378e-02  -6.7717662e-03   6.3062236e-01  -1.0201332e-01  -6.8390358e-03  -5.4073273e-03  -6.6852769e-02   1.6980595e-02  -1.7326063e-03  -9.3157035e-03   8.9560833e-04   4.5024340e-02  -1.9427606e-01  -6.3414367e-04   4.7742822e-03
   3.5313367e-03   2.4746074e-02  -3.2464134e-03  -9.8796237e-03   7.9235506e-04  -9.9002933e-04   6.1933776e-03  -2.7375205e-02   1.0203256e-03  -8.1294216e-02  -3.2281241e-02   4.0099741e-01  -2.7554769e-01  -7.3838669e-02  -3.7361339e-02   3.3795976e-02  -1.2528540e-02   2.4368281e-02  -3.6675722e-02   2.7459821e-02   5.5174322e-03   1.1334267e-01  -2.8287230e-02  -5.9659360e-03  -2.1484866e-02   5.4877664e-02   7.7229057e-03   1.6474126e-03   8.2367907e-03  -1.3219493e-02  -5.0568331e-02   2.5394055e-03   1.6606309e-03   4.2158235e-03
  -5.9105327e-04   5.7292904e-02  -9.9766860e-03   3.1074941e-03  -2.3745634e-01  -7.0877308e-03  -2.1412127e-03   4.1023956e-02  -8.0389876e-03  -2.1201414e-02   9.9015726e-04   9.9895782e-03  -6.0500896e-02  -1.0422583e-02   1.4957026e-02  -7.1611076e-03   6.7371042e-03   5.9095277e-03   1.6676397e-02  -7.4745137e-03   1.2393155e-02  -1.0176027e-01  -1.5695816e-02  -1.6671881e-03   3.0620530e-02  -1.4564339e-01  -2.6199026e-03  -6.6497985e-03   1.0049629e-02   1.4760581e-03   2.0226661e-02   4.0053149e-01   3.3371262e-03  -6.6503236e-04
   1.5661946e-03  -1.3971485e-02  -3.7805427e-02  -1.2569101e-02  -9.5788443e-02   1.7010102e-01  -4.3831767e-03  -7.5451911e-02  -2.4349219e-03   1.7686493e-02  -1.2661600e-02   3.5768043e-03   1.0200404e-02   5.3907473e-03   9.8862505e-04  -2.4312085e-03   1.2349184e-03   7.8556208e-04   7.2728104e-04  -8.3409425e-03  -2.1351784e-03  -5.0868073e-03   2.9998983e-03  -7.7742336e-04  -1.2734163e-02   3.2709227e-02   3.8531981e-03   6.3088429e-04  -1.7855524e-03   1.3494213e-03   2.1662194e-02   2.1800961e-02  -2.5968256e-03   2.6056858e-03
   2.5656209e-03   6.5527187e-02  -2.2237844e-03  -8.7678310e-03  -2.2733133e-02  -9.2229153e-03  -6.3142647e-03  -1.5765005e-02   8.5767169e-03  -8.9448271e-03  -2.9905215e-03   5.3257987e-02   3.5310399e-02  -3.6067626e-03  -5.2227684e-03   6.3110199e-04   9.8762373e-03   4.8096174e-03  -5.9432856e-02  -3.8538892e-02  -2.6548659e-02  -8.2293656e-02   2.9420352e-01   1.0309591e-02  -6.1263907e-03  -1.2255923e-02  -1.0102322e-01  -1.5004266e-02   6.7630563e-03   1.5640000e-03  -3.1571335e-02  -5.2495278e-02  -1.3434179e-04  -2.9371276e-04
  -1.8121392e-03   5.9808061e-03   1.5698462e-03   3.6748855e-03   5.4030814e-03  -2.0054619e-03   3.8074184e-04  -4.8277169e-03  -5.8969707e-03  -8.3365510e-03   2.1377367e-03  -4.5394154e-03   1.2728132e-03   1.9682811e-02  -5.9748990e-03  -7.3991275e-04   7.3088385e-03   3.7809559e-03  -1.8099271e-02  -9.4403317e-02   2.2081414e-01  -2.8709031e-02  -7.8050782e-02  -1.2973426e-02  -2.0026883e-02   2.1613785e-02  -2.1668279e-02  -7.5516752e-03  -5.1923692e-03   5.6847796e-03   3.3074395e-03   1.3697703e-02  -1.9341210e-03   1.1376673e-03
  -1.8714029e-03  -5.3573062e-03  -5.4528508e-03   1.6616683e-03  -5.2423965e-02  -2.6249710e-02  -3.1540803e-02  -5.3746759e-02  -2.9201981e-03   2.7338531e-01  -6.2098579e-02  -4.0916933e-02  -3.4708615e-03  -1.5365703e-02  -1.9943878e-03   5.8604414e-03   9.2978510e-04   1.7530963e-03   2.6641504e-03  -1.4382592e-02  -1.2953340e-03  -4.5728659e-03  -7.4749063e-03  -9.6799827e-06  -6.2644731e-03   2.4447322e-02   2.9611810e-03   1.3927938e-03  -2.4278015e-03   8.0743923e-03   1.6644403e-02   8.0601304e-03   2.7268463e-03   6.1152237e-05
  -5.6977289e-03  -6.1027895e-02  -3.8569986e-03   9.7029941e-03  -1.6707844e-01  -8.1671202e-03  -2.4999410e-03   2.2751845e-02   3.9143483e-03  -1.9021259e-02   4.7942577e-03   5.9613355e-02   4.0936800e-02  -5.6255603e-02   1.2785797e-02  -8.0211761e-03   5.9077533e-03   1.6403791e-02  -5.2262507e-02   1.7410865e-03   2.1207636e-03   1.4142206e-02   4.5796561e-02  -1.6658825e-05   7.4927434e-03  -8.1433088e-02  -7.7866738e-02  -9.8756197e-03  -1.2714086e-02   8.9033324e-03   3.2975446e-01  -3.1357671e-02   8.1157706e-03   5.4358329e-03
   7.8995869e-03   5.7795104e-02  -1.3184186e-02  -1.0009151e-02  -2.1765405e-01  -7.0803686e-03  -3.4530354e-03   7.1447417e-02   1.8028719e-03  -1.3677413e-02   8.7797145e-03  -2.2046831e-02   4.8893459e-02  -1.6929516e-02   1.3861037e-02  -7.0898691e-03  -9.0206182e-04   2.0526740e-03  -2.0967761e-02   1.9235078e-02   7.7847717e-03  -1.9112224e-02  -6.3758002e-02  -2.4776558e-03   2.3458806e-03   3.0388120e-01  -8.2040278e-02  -1.8275815e-03   2.5762592e-03  -7.7071324e-03  -1.7403195e-02  -2.6342158e-02   5.8122305e-03  -1.2790215e-03
  -8.2004731e-03  -1.0881099e-02  -7.3218259e-04   5.4320399e-03  -1.9201371e-02   2.2735126e-03   1.5012861e-03   2.1530996e-02  -1.0907852e-02   6.2117737e-04   2.7098987e-03  -1.7297563e-02  -1.0828958e-02  -1.7355785e-04   2.8879170e-03  -3.3812362e-03  -4.1749194e-03   1.3974849e-03   1.0542680e-02   3.6727730e-02  -7.9730959e-03  -1.4826203e-02   6.5032878e-02   6.6651895e-04  -1.9645248e-01  -1.8711210e-03   1.0939130e-01   1.3867962e-02   1.9091370e-02  -4.9277852e-03  -2.2409992e-02   2.6378001e-02   3.5262280e-05   9.8284863e-03
  -3.4608864e-03   8.4329212e-03  -6.0672266e-04  -2.5917289e-03   1.7279959e-03  -5.5743768e-04  -3.5457753e-04  -2.5898514e-03   6.6671769e-04  -1.2657233e-02  -1.3934939e-03   2.2622516e-02   4.9193675e-02  -4.3874161e-05   3.8084007e-03   1.9089976e-02   3.8328934e-02  -2.4183520e-01   1.2543453e-01   4.3904645e-02  -2.5872520e-03  -5.8104658e-03  -1.9703670e-02  -2.0748668e-03  -2.5352265e-03  -1.1272874e-03  -4.2311569e-03  -1.0139673e-03  -8.4046463e-04   4.1814748e-03   1.4654837e-03  -1.1212044e-02  -8.9015302e-04  -1.2617208e-03
   1.0518979e-03  -6.9162986e-02   6.6092790e-04   1.3622166e-02   2.7305108e-02   2.5612386e-03  -2.1097163e-03  -7.3056096e-03  -2.9438693e-03   4.1765183e-03   4.8638166e-04  -5.9047684e-03   4.9850970e-03   9.4746023e-03  -5.4880735e-03  -7.8541142e-04   2.6774053e-03   1.2413682e-03  -1.6031367e-02  -3.8612270e-03   1.1803020e-03   1.5744317e-02   6.7183398e-03  -9.6580964e-04   1.1457987e-02  -4.7292235e-03  -1.3317118e-01  -8.2141420e-03   2.1143220e-01  -3.6674995e-02  -2.6797905e-02   4.3884053e-03   1.6970018e-03  -6.4965992e-04
  -3.3777866e-03  -5.5273803e-03  -2.5650261e-03  -2.6323148e-03  -3.0014609e-02   1.1255747e-03  -1.6723071e-03   1.6562352e-02   1.9807583e-03  -6.7766990e-03  -1.1937240e-02  -4.6348907e-02  -1.3428708e-01   1.7044352e-01  -5.7053176e-02   2.8410457e-03  -1.2771305e-03  -1.8653090e-02   1.2128482e-01  -4.2392634e-02  -2.2290891e-02   1.8865376e-02  -4.9380912e-03   1.1870843e-03   2.1216343e-03   5.9035532e-03  -1.7230131e-02  -2.5033914e-03  -4.2464404e-04   7.1192013e-03   3.5963068e-02   1.1819264e-02   2.6566228e-03   1.7582163e-03
   3.2099506e-03  -1.2105755e-02  -8.1797047e-04   3.3346454e-03  -9.8381892e-03   2.8900743e-04   1.2099820e-03   7.1446395e-03   5.7030515e-03  -3.8173739e-03   6.0432355e-03   9.5302262e-04  -7.5765392e-05  -1.8675466e-02  -5.4865406e-02   1.7380376e-01  -1.3143827e-01   4.7893685e-03   1.9821201e-02   1.4650258e-02  -5.6896890e-04  -1.0581291e-02  -2.7024122e-03   7.9482359e-04  -3.6056949e-03   4.2429657e-03  -2.5338758e-03  -5.9969538e-04   6.0129833e-04   3.8085043e-03   7.2878698e-03  -1.4012590e-03  -3.6447135e-04  -2.7176938e-04
   1.8983801e-03   1.0305111e-02  -7.3791055e-04  -6.9240831e-04  -1.9986303e-02  -2.5487300e-03  -1.0606480e-03  -2.3677748e-02   1.8622920e-01  -1.0760486e-02   7.9230499e-03  -6.1798345e-02  -3.6675757e-02  -6.9450947e-03   8.1627110e-03  -1.6695197e-03   1.7559943e-03   5.3337360e-03  -1.5897927e-02   1.5943442e-02   5.9118555e-03  -2.5554706e-02   3.7905498e-03  -9.8446259e-04  -4.2716925e-03   1.1188763e-02   6.6934530e-03  -2.3086904e-04  -6.8641110e-03  -2.4942100e-03   2.9748691e-03  -4.4770883e-02  -3.5263367e-04  -9.2262646e-04
