  -2.6472567e-02  -3.1801697e-03  -1.2092485e-02  -4.3205907e-02   3.8891504e-01  -3.3238428e-02   8.0053810e-02  -1.9165626e-01   1.4928138e+00  -1.7866918e-01   6.9718547e-01  -5.5631124e-01  -2.4369243e-01  -9.8474595e-01   2.4218458e-01   1.8211996e-01   1.6769280e-02   3.3282152e-01  -5.1614281e-02   8.5205849e-02  -2.6998424e-01  -2.7827069e-01   2.5738484e-01   8.4594480e-02  -2.2648257e-02   1.0616869e-01  -5.2252255e-02   4.2311540e-02  -2.0488419e-02  -5.3770051e-02  -2.2592603e-01  -1.4395252e-01   9.2471593e-02   1.1960357e-01
   1.7149218e-01   5.5942377e-02   4.5611591e-02   1.1602323e-01  -4.4172470e-01   2.2372170e-02  -6.1579977e-02   8.1910857e-02  -2.0682261e-02  -1.7741056e-02  -4.0292971e-02   1.1404751e-01  -9.1783024e-02  -2.8382589e-03  -4.5092809e-02   5.2661814e-02   3.0296423e-02  -9.6321547e-02   1.9551710e-01  -4.4594548e-02  -9.0916115e-02   7.3406926e-02  -8.2466585e-02  -1.4073428e-02   2.9660149e-03  -2.8796122e-02   6.9015829e-02  -6.0668225e-02   6.3417718e-02   1.0978694e-01  -1.6471766e-01   1.5260680e-02   1.1028997e-01   1.3527035e-01
  -5.3991984e-02  -2.5627507e-02   4.1828680e-02   3.9648778e-02  -1.9928433e-01   1.7818818e-02  -3.3892918e-02   9.1629563e-02  -2.0135013e-01   9.1458138e-03  -2.2401165e-03   2.0815808e-01   4.6177402e-02  -3.8480778e-03  -5.9886742e-02  -3.6023729e-02  -9.0996991e-03  -4.3155292e-02   1.0211877e-01  -3.1318705e-03  -1.0922121e-01  -1.1809818e-01   2.7987891e-02   1.1971906e-02   7.1742329e-03   1.3863709e-01  -1.9530359e-02   1.1294034e-03  -2.8638216e-02  -8.4113863e-03  -1.4711442e-01   6.8251186e-03   2.3579027e-01   2.4312898e-01
   2.2960826e-03   1.7884734e-02   2.3560490e-02   1.5950872e-02  -2.4246241e-02   8.4470929e-03   3.4107790e-02   1.3534401e-02  -9.5410671e-03   1.2941524e-03   7.9790136e-03  -2.4240004e-02  -2.6964476e-05   2.4746461e-02  -2.0669878e-02  -9.2144561e-03  -8.7816513e-03   1.9730906e-02  -3.0740253e-02   1.0428204e-02   1.7244111e-02  -1.8618042e-02   6.3146941e-02   1.2219745e-02  -2.6763430e-02  -7.4706028e-03   5.7506309e-03  -1.3259709e-02   6.8952102e-03   2.7560775e-03  -3.5607944e-03  -1.6557827e-02   9.0119297e-02  -1.6066453e-01
   2.0432560e-02  -5.1082536e-03   5.8764271e-03   1.2472214e-02  -7.9009883e-02   5.7248905e-03  -1.3819227e-02   8.0555364e-02  -1.5581215e-01  -7.6600280e-02   7.6184559e-02   1.4385850e-02  -2.2026117e-01   8.5292955e-02   1.9643704e-01  -1.4480776e-03   6.9680104e-03   1.2794958e-01   1.0449520e-02   4.4294472e-02   8.1651640e-02  -2.2430244e-01  -2.4261919e-02  -2.1738380e-02   2.5167906e-03   3.3873441e-02   5.7135033e-03  -6.2676922e-03   2.0356661e-03  -2.0938911e-04   2.6168102e-02   3.0829558e-02  -7.9117567e-03  -6.1252399e-03
   1.1407706e-02  -3.4354879e-02   1.0191239e-03   9.9712083e-04  -5.1294193e-02  -8.1708355e-03   1.2952407e-03   5.3964352e-02   1.0301697e-01  -8.3180077e-02   5.1321873e-01   6.1836972e-02  -3.7806147e-02  -7.6640404e-01   1.1917602e-01   2.2827923e-03   2.2761940e-03  -1.2694465e-01   2.4968647e-01   5.6360736e-03  -1.0208537e-02  -1.4607963e-01   1.1896141e-01  -1.2733717e-02  -1.9846920e-02  -1.9290542e-03  -8.2958203e-03  -8.3356835e-03  -7.5794853e-04  -2.9978384e-03   7.4400802e-02   1.1513127e-02  -2.7547067e-02  -1.0616925e-02
  -8.9487056e-04  -6.5046491e-03   1.7001546e-03   6.2949478e-03  -1.7193152e-01   4.3466912e-02  -9.1955229e-04  -6.7426162e-02  -3.5284927e-01   1.7211801e-02   2.1840935e-03   1.6065622e-02  -2.1364406e-01   1.7299282e-01   4.4311380e-02  -7.8932865e-03   4.9739766e-03  -3.6461148e-01   5.6771275e-01  -4.7972569e-02  -1.9654748e-01   4.9019811e-01   1.4251097e-02   9.2188726e-03  -2.6670522e-02   2.7072428e-05   1.6785295e-03  -8.1682951e-03   3.8650248e-03   7.7503720e-03   6.5401759e-02  -8.5924946e-04   1.2672539e-02   2.2836517e-03
  -3.8101452e-02  -2.6938591e-02  -2.7125856e-03  -7.0158650e-03  -3.9071986e-02   1.8546408e-02  -1.1334728e-03  -1.0853522e-02  -1.3179733e-01  -1.1458764e-01   9.2429990e-02  -2.2947958e-02  -1.6471918e-01   6.4827761e-01  -4.1653563e-01   2.5935614e-02   6.6253312e-05   2.0433594e-01  -2.7530261e-01   1.2049101e-02   1.7586056e-02  -2.6848399e-02   1.6156530e-01   5.7148382e-04  -3.8062677e-02  -3.3950362e-02  -5.6910992e-04  -3.4229588e-03   1.8926865e-04   4.2746902e-03   2.4315390e-01  -6.8106866e-02   1.4127610e-02   8.9855261e-03
  -2.7096686e-02  -5.4874060e-03  -1.9267051e-03  -1.3146428e-02   3.5183414e-01  -1.8880469e-02   1.5062855e-03   8.1265367e-02  -3.3994705e-01  -3.5076244e-02  -8.3556697e-02  -1.4189496e-01  -3.4517357e-02   1.3413957e-01   7.1278560e-02   1.9166298e-03   7.9861263e-03  -6.7167343e-02   5.0906978e-02   7.6444572e-03   2.6737683e-03   3.9806592e-02  -2.7617106e-02   4.1451642e-03  -5.6879812e-03   1.5197703e-02  -1.0219795e-02   5.4487258e-03  -4.2082642e-03  -3.2928990e-03  -4.5874372e-02   7.8397966e-02   9.4268416e-03   4.8749736e-03
  -2.0626668e-02  -3.2684909e-02   6.6596169e-03   8.3983766e-03   9.6871264e-02   2.1544637e-03  -2.7228498e-03  -1.5324301e-02  -3.0755408e-01  -1.5494359e-01  -3.0289319e-02   8.1468159e-01  -1.4478379e-01  -4.4554372e-01   6.9170938e-02   3.5556305e-02  -1.3908725e-02   5.2330019e-02   8.5921071e-02   2.3623247e-03  -8.6835066e-02   7.6290070e-03   4.9977272e-02   2.8388818e-03  -3.6971411e-03  -6.2471786e-03   2.1593918e-03   3.2464914e-04   3.0105416e-03   9.4540795e-03   3.9645378e-02  -9.2385253e-03   2.3425395e-03  -5.1927568e-03
  -1.4273662e-02  -3.2004717e-03  -3.6912643e-03  -9.5279877e-03   1.1410707e-01  -6.8160562e-02  -3.3166092e-02   2.7759051e-02  -3.4635992e-01   4.8118825e-01  -1.7643930e-01   5.0726810e-02  -1.6628022e-01  -1.7155270e-02   4.9627359e-02  -4.5321226e-03   1.7884392e-02   2.5579640e-02   1.9105575e-02   1.7035332e-02  -5.1357307e-02   2.3773017e-01  -1.0781438e-01   5.7335503e-03   2.2788582e-02   2.7058851e-02   4.6495990e-05  -6.6803616e-03   9.6551035e-04   6.2815845e-04   2.2642527e-02  -9.0022571e-02  -7.7474936e-04   5.3486592e-03
  -5.3473630e-02  -2.2503743e-02   1.6293865e-01  -6.9167493e-03   2.9674879e-02  -3.2531369e-02  -2.1896307e-02  -2.7734944e-02   4.8406012e-02  -1.1735057e-02   1.0338767e-02  -2.4451377e-02  -6.1919013e-03   1.5224951e-02  -2.4844141e-03  -3.7753672e-04  -1.6663489e-02   1.1934268e-02  -2.1424815e-02   6.3776511e-03   1.4300822e-02   3.5900401e-02  -1.4567522e-02   1.7756384e-03   2.9549697e-03   2.0427669e-02  -6.0385698e-03  -8.9554568e-03  -1.2133590e-02  -1.2931706e-02   1.8092834e-02  -4.9561790e-02  -4.3278777e-02   1.9009016e-02
  -1.2654042e-02   2.9022189e-03  -2.5034801e-03  -3.8648926e-03   1.9612817e-02  -7.3484207e-03  -1.5304042e-03   3.2537646e-02   1.7380491e-02   6.6286394e-03  -7.8982509e-02   1.4103499e-02   1.2021873e-01  -5.9958190e-03   2.9889864e-02   2.0356335e-02  -9.6698382e-03  -1.1765384e-01  -1.9787530e-01  -4.4113126e-02   7.1430552e-01  -1.6030175e-01  -2.3915007e-01  -5.9148114e-02  -3.5249047e-02  -2.0760490e-02   1.1230953e-02  -5.7923005e-03  -2.1932744e-04   3.8018214e-03   5.0427845e-02  -1.3418836e-02   3.1838849e-03  -3.3107576e-03
   2.4094896e-03   8.4563226e-03  -2.5314372e-04   1.5040963e-02  -5.8748406e-02  -8.6477764e-04   5.6137968e-03   5.2251662e-03   7.7653306e-02   2.6835811e-02   2.4283080e-02   5.0520385e-04  -1.3320555e-01  -1.7485983e-01  -1.2055466e-01  -1.2619713e-03  -1.9687049e-03   2.7179917e-01   2.4735795e-01   3.4253930e-02  -1.2645542e-01  -8.5226646e-02  -4.0222677e-02   3.9739674e-03   1.2615015e-02   2.8469757e-02   1.2800944e-03   4.9804355e-04   1.0574749e-03  -2.4795645e-03  -1.7861417e-02   7.1816668e-03  -3.3309202e-03  -3.1431586e-03
  -3.4124478e-03  -1.2095281e-03   3.8567174e-03  -3.5838548e-03   1.6131883e-02  -8.5425381e-03  -2.8508316e-03  -1.5846082e-02   1.4449551e-02  -1.8541077e-02  -7.7819425e-03  -6.6643002e-03  -7.1715287e-03   4.9961918e-02  -4.6639619e-03  -8.6551069e-03   2.2770472e-03   1.8662046e-02  -1.8032878e-02  -5.1737280e-03  -3.1769957e-02  -2.8702560e-02  -5.4150418e-02   3.3515335e-03   2.3926603e-01  -1.8376683e-02  -2.1167698e-02   4.0191088e-03   8.0741139e-03   3.9787672e-03  -5.7688673e-02   4.3168083e-03   4.4740823e-03  -3.4967246e-02
  -1.2972966e-02  -5.9261705e-03   2.2495265e-03  -2.0898583e-02  -8.6382107e-02   2.3034193e-01  -6.2302208e-02  -9.4886218e-03  -2.2233681e-02   1.2705035e-02  -7.1239290e-03  -6.5238948e-03  -2.0824627e-02   3.0262004e-02  -2.0273626e-02   1.1705412e-02   9.2445230e-03  -3.4633140e-02   5.1358425e-02  -2.8382854e-03  -1.2570280e-02  -4.1639140e-03   1.7383130e-02  -3.6490979e-03  -2.9819033e-03  -2.0964892e-03  -1.1471794e-02   3.3925332e-03   3.5045727e-03  -3.7609028e-03  -2.6941334e-03   2.5253047e-03  -1.8267411e-02   7.7840026e-03
  -5.7114190e-03  -3.8485911e-03   2.8965365e-03   1.7410958e-02  -2.6221857e-01  -6.2922015e-02  -9.5782298e-03   5.1059935e-01  -2.0096894e-01  -1.1892443e-01   6.9670148e-03  -2.9522188e-02  -1.2227303e-02   1.0666210e-01  -2.2158683e-02  -6.1370372e-03  -1.5394347e-02  -4.6019266e-02   7.5288022e-02   1.3687080e-02  -4.4269900e-02   1.1127323e-01  -6.5805720e-02   9.2979029e-03   1.3422809e-02   2.8114513e-02  -2.2429118e-03  -4.9673519e-03   2.4910528e-03   7.6755720e-03   2.9402142e-02  -1.3910995e-02  -8.9367095e-05   1.1496914e-03
  -3.7053996e-03  -1.3280221e-02   3.9034478e-03  -3.9365149e-03  -6.5848912e-04  -1.9895833e-03  -9.3874156e-03   1.2989278e-02   4.1590752e-02  -2.2512744e-03  -4.6416699e-03  -1.9270603e-02  -7.6973683e-03   6.6797761e-03   4.9605895e-03  -4.9569572e-03   1.1849637e-03   1.4464093e-03   2.6559267e-02  -2.3441805e-03  -2.5274484e-02   1.1334152e-02  -3.1410203e-02  -1.6431766e-02  -2.4493047e-02  -1.5431247e-02   1.4122048e-02   1.8386749e-01  -1.7957216e-02  -6.0303755e-03  -9.8446449e-03  -2.8273983e-02   4.1773777e-03  -5.3331606e-02
   1.1882179e-01   2.1702040e-02  -8.4989729e-04   7.4649360e-03  -8.5369202e-02  -4.1725762e-03  -7.1474546e-03   3.1427156e-02  -4.3182011e-02  -2.0555985e-02  -1.4559468e-02   4.1246914e-02  -6.1342537e-03   2.6535560e-02  -8.9859890e-03  -8.5916095e-03   2.9408337e-03  -7.9962666e-03   3.3407634e-02  -1.0776929e-02   3.6640924e-03  -1.5237066e-02   6.0510206e-04  -1.5407872e-03   4.5719757e-03   5.1193394e-03   5.8759203e-03   8.2154093e-03  -4.1502207e-03  -1.3208521e-01   6.6829224e-02  -1.4052728e-02  -2.9033884e-03   1.4067126e-02
   1.3669651e-03   6.5002304e-03   3.4853244e-03   6.9078903e-03  -4.2173122e-02  -3.8158172e-03  -6.5114582e-03   2.3823157e-02  -7.7087188e-02   6.0457835e-03   1.6711854e-02   1.8697468e-02   1.3172207e-03   4.7424485e-02  -2.0738724e-01   3.3189819e-01  -2.3792240e-02  -2.4556759e-01   5.8741378e-02   2.6849040e-02   1.8483120e-02   8.7105709e-02  -6.2357250e-02  -9.2527113e-03   5.7634714e-03   2.6329445e-02  -6.9454157e-04   5.3815065e-03   3.7109942e-04  -4.7319502e-03  -1.3830420e-02   2.5635406e-02  -9.8907559e-03  -9.2801246e-03
   9.5320483e-03  -1.0936420e-02   1.8441979e-03  -4.9112664e-03   2.1371927e-01  -5.4822841e-03   3.8525109e-03  -4.0099018e-05  -3.4811693e-01   1.6278075e-02   4.3572891e-02   1.8588173e-02   6.5077160e-01  -1.2990740e-01  -6.6352650e-03  -1.1975145e-02   1.7487418e-02  -1.2903725e-01   1.9359231e-01  -1.0667358e-02  -5.7253510e-02  -5.5594389e-01   2.3840161e-01   4.6159757e-03  -2.4143077e-02   2.2679545e-02  -1.2937623e-03   2.2086080e-03   4.4167117e-03   5.4632920e-03  -1.4578428e-01   1.3273085e-02  -1.3188300e-04   9.0961770e-04
   1.4143902e-03   2.7172684e-02   6.3560375e-03   1.2924360e-02  -1.7706113e-01   3.7580709e-03  -3.0029424e-03  -3.5312430e-02  -1.3872867e-01   4.2572633e-02  -7.5575825e-04  -2.7941507e-02  -5.2676881e-02   1.0847117e-01  -2.0028704e-02  -2.4275349e-02   2.3613835e-04   3.8596217e-02  -3.1575156e-02   8.3135191e-03   6.2771512e-02  -1.8432507e-01  -4.2219722e-02  -1.3019688e-02   5.3222266e-03  -4.6501248e-02   4.8287534e-03   2.9813035e-03  -1.0931853e-03  -4.3391560e-03  -1.9747763e-02   5.0565607e-01   4.3448436e-04   1.7368141e-03
   1.5604227e-03   4.6634235e-03  -1.5505201e-03   4.8146559e-03  -1.2739404e-02   6.0596281e-03  -4.0678214e-03  -1.6202083e-02   5.6307913e-03  -1.2604062e-02  -1.2591380e-02   4.7675636e-03  -2.4812405e-02   3.2612778e-02  -7.8149118e-03   2.0157519e-03   8.4368515e-03  -1.1908750e-02   1.5519107e-02  -1.0505061e-02  -1.0183932e-01   4.8969431e-02  -4.5488085e-02   1.8705366e-01  -2.5100623e-02  -6.9378982e-03   3.9196074e-03  -9.3695108e-03   1.6229540e-04   1.8130215e-04   2.9453476e-03   1.1230907e-02  -2.2125170e-03  -1.8678782e-02
  -8.7399374e-04  -5.0092707e-03  -5.4505604e-03  -7.2161461e-03  -1.6788925e-02   4.0451438e-03   1.8984931e-01  -1.1139238e-02  -2.7749305e-02  -6.5826535e-02  -9.6857076e-02   1.7883982e-02  -3.3868370e-02   7.9211520e-02   1.0567438e-02  -5.0416190e-03   5.1445967e-04  -6.0253182e-05  -2.3513538e-02   8.8360526e-03   2.8813645e-03   3.2574197e-02  -2.6843816e-03  -1.0257073e-02  -2.4612288e-03   9.4251278e-04   1.0773622e-03  -4.3846367e-03  -1.3865960e-04   1.6439999e-03  -4.0176583e-03   9.4380290e-03  -2.5297100e-02   6.8375489e-03
  -1.6093873e-03   3.0034630e-03   2.5609834e-03   1.6665348e-03  -2.2400024e-02  -1.1263943e-03  -3.1752097e-03   1.8290976e-02  -1.7189934e-02  -1.9796118e-02   1.1423142e-02   1.8504814e-02   6.4334460e-03   4.5241794e-02  -2.8715592e-02  -7.3846368e-02   1.8402559e-01  -1.6409956e-01  -2.5825503e-03  -9.8352353e-03   2.0293745e-02   5.8307818e-02  -2.3938612e-02  -6.3998880e-03   2.5685474e-03   1.2713278e-02  -7.7751399e-04   3.0391824e-04   5.2212344e-04   6.5372384e-05  -1.9328812e-03  -4.7791800e-03  -3.3402415e-03  -3.3658222e-03
  -3.6657964e-02  -1.8046608e-02   8.3818729e-04  -1.2217769e-02  -2.7148904e-03   4.5667578e-03   3.1017107e-03   9.7233876e-03   2.0960954e-03   6.8373066e-03  -3.2426515e-03  -2.5827032e-03   1.2907305e-02  -2.4621021e-02   1.2588262e-02   2.7349251e-04  -1.5712005e-03  -1.3452223e-02   2.9076794e-02   2.5759049e-03  -1.5585623e-02  -1.2838709e-03  -1.1745827e-02   5.7213858e-04  -4.9802459e-03  -1.7928329e-02  -7.7571440e-03  -1.6459566e-02   1.7010817e-01  -1.8549452e-02  -5.6994525e-02   1.0333453e-02   3.0625346e-03  -5.4421074e-03
   5.4759501e-03  -5.0373497e-03  -3.1223587e-04  -4.5089557e-04   1.6593266e-02   6.3227136e-03   3.2716540e-03  -3.0998313e-02   8.5865127e-04   5.8843354e-03  -5.4741757e-02   2.0944048e-02   1.0112594e-01   3.9539716e-02  -1.1283310e-02   3.0052623e-03  -1.9836755e-03  -1.9022703e-01  -7.2625759e-02   1.7648800e-01  -8.4750966e-02   8.8558516e-02   6.0124779e-02  -6.3209019e-03  -3.8974748e-03  -1.4477720e-02   1.6559141e-03  -4.1252338e-04   2.4801641e-03   7.1078265e-04  -2.2722453e-02  -3.0380208e-02   3.2630555e-03  -4.7011641e-05
  -1.6083113e-02  -9.3564385e-03   4.0130050e-03  -1.3377844e-02  -8.1335780e-03  -3.2941715e-03   1.9515064e-03   1.0419071e-02   1.6049535e-02   7.2348948e-03   2.7738219e-03  -8.4297480e-03   2.7780594e-02  -3.7133173e-02   1.1746694e-02   2.1206200e-03  -2.5234562e-03  -1.4293528e-03   5.3817975e-03   2.4897837e-03  -3.1468863e-03   1.2706397e-02  -4.5798406e-02  -1.4864566e-03  -2.2439087e-02  -5.5463118e-02   1.8460129e-01  -1.6492745e-02   1.8824240e-02  -7.0385522e-03  -6.0828136e-02   6.0819752e-03   1.8721745e-03  -4.9156233e-03
   3.0455265e-03   4.1634471e-03   6.5846264e-04   1.9254697e-04  -1.0276481e-01   1.1149794e-02   3.6113059e-03  -8.1774120e-03   6.2134667e-02   9.7089333e-04  -3.4272186e-03  -2.6805381e-02   2.5460213e-03   2.3721280e-02  -1.7300326e-03  -3.7137614e-03   4.4462214e-03  -2.0824669e-02   4.2590689e-02   2.2779228e-03   1.1988380e-02  -1.0469556e-01  -7.4311274e-02   4.5100914e-03  -1.0936248e-02   2.9674830e-01  -2.2499518e-02  -1.0206939e-03   1.6181280e-03   3.2289202e-04  -5.8378767e-02  -3.3555599e-02  -5.7601364e-05  -4.7196178e-03
  -4.9156569e-02   1.6959561e-01  -6.9885166e-03  -1.8364577e-02  -2.1827437e-02  -4.7526199e-03  -3.1260483e-03  -1.0931051e-03   7.5823306e-03  -1.1442329e-02   7.0737309e-03   2.2097861e-02   9.0165894e-03  -1.2739669e-02  -4.8829348e-03   7.5739141e-03  -1.7363925e-03  -1.9948958e-02   2.4395487e-02   1.0308730e-03  -1.3664171e-02   4.4711373e-03   2.0059536e-02  -3.9070146e-03   2.4834714e-04  -4.8337247e-03  -7.8928522e-04   7.0329820e-04  -8.3458414e-03  -8.7908336e-03  -4.0032164e-02  -4.0447647e-02  -1.5628336e-03   4.0395937e-03
  -2.1971778e-02  -1.5157306e-02   1.3408932e-03  -5.3624199e-03  -1.8484823e-01   9.8492415e-03   4.4001453e-03   1.9953549e-04   5.5328245e-02   8.0364868e-03  -4.2343211e-03  -4.2331680e-02   1.3209173e-01  -8.3655147e-02   3.5802827e-02   9.5062523e-03   8.9296437e-03  -3.9087090e-02   1.0791779e-02   8.2102293e-03  -1.7980418e-02  -4.6407632e-02  -5.1170578e-03  -5.9170851e-03   3.0899029e-03  -2.3072560e-02   6.1396389e-04  -6.6400642e-03  -2.4538866e-03   3.2641199e-04   2.4156596e-01  -2.2149110e-02   3.8901813e-03   8.5256443e-04
   1.3040179e-03   8.5802952e-03   1.8709671e-03   1.8272754e-03  -7.6943487e-02  -1.0513598e-03  -4.4285078e-03   3.0337292e-02  -4.7812278e-02   3.4334978e-02  -2.0809245e-02   2.4877574e-03  -3.8452460e-03  -1.8076842e-02   1.7303310e-02   3.8237901e-03   1.6790441e-03   1.0786919e-01  -2.5673738e-01   9.7871795e-03  -1.0383465e-02   8.8994238e-03   2.7133842e-01  -1.1827170e-03  -4.9007988e-02  -8.3212644e-03  -2.5464284e-03   1.1228695e-03   2.9703404e-04  -8.7932637e-04  -6.5778130e-03   1.0179707e-02  -1.0151506e-03  -3.6322182e-03
  -1.5314776e-02  -1.0266091e-02  -7.8541897e-03   1.9361156e-01  -1.1981927e-01  -2.2183736e-02  -1.7880953e-03  -2.0774538e-02   3.7295645e-02   3.0952303e-03   2.0052445e-03  -1.1943786e-02  -9.8785595e-03   3.1468899e-03   9.8081378e-04   1.4012266e-03  -3.0022572e-03  -3.1207940e-03   8.4115812e-03  -2.2648099e-03  -5.0826052e-03   3.5683671e-05   1.6661033e-02  -1.4016190e-03  -1.8896348e-03   9.1856693e-03  -5.1292484e-03   3.5282447e-03  -1.5422544e-03  -6.3978560e-03  -2.6947395e-02  -2.6596750e-03  -2.9496729e-03   1.2500753e-03
   3.4661016e-03  -4.4682192e-04   1.7774749e-04  -3.2157633e-04   5.6253459e-02   1.5703269e-03  -2.4768853e-04  -1.2992512e-03  -1.3451264e-01   3.7770325e-03   3.2212181e-02  -1.0365872e-02   5.0129859e-02  -5.0847427e-03  -8.7822146e-03  -3.5923036e-03   1.8450021e-03   2.7515655e-02  -1.3932969e-01   3.6201179e-03   2.8346324e-02   2.5705171e-01  -1.0807100e-01  -1.8536459e-04   1.3262702e-02  -8.6428114e-03  -4.1789275e-04   3.4826227e-03  -1.6458761e-03  -3.3464332e-04  -2.9834274e-02  -2.3506544e-02  -6.7436649e-04   4.0397046e-04
