  -1.1286848e-01  -8.1521166e-04   1.1917379e-01  -7.9648197e-02  -4.7011150e-02   4.0652100e-02   4.1622525e-02  -4.1585442e-02   1.8232632e-01   1.7168599e-02   6.5823716e-04  -1.6243350e-01  -3.5560173e-03   6.0106155e-02  -2.2270160e-02   7.3562402e-02  -6.0645164e-02  -1.2113962e-01   1.1463112e-01   1.2469042e-01   1.5865325e-01  -2.9850227e-01   1.3426843e-02   2.1115196e-02   1.6172017e-03  -1.2119426e-01   5.1615046e-02   1.0927236e-02   2.2696334e-01  -1.4652386e-03  -1.6358608e-01   1.8262899e-01  -1.3090965e-02  -2.1489087e-03
  -6.5254216e-02   1.3212443e-02   1.1673710e-01  -1.5574296e-01   1.0124976e-01  -1.0457417e-01  -8.1279718e-02   2.4403602e-01  -4.4417897e-01   1.1853043e-01   8.7310373e-02  -6.6196342e-02  -4.4241497e-03   1.7687028e-01  -2.1379342e-01   1.4987853e-01   1.0292700e-01  -1.4910444e-01   2.1002055e-01  -2.3639898e-01   1.7883394e-01   1.5564941e-01  -2.2128011e-02  -1.5693515e-02  -1.3653474e-01  -4.3638333e-02   1.6795533e-01   2.7067912e-01  -2.5602482e-01   7.4442893e-02   1.0193621e-01  -8.2464738e-02   8.0167473e-02   7.8312085e-04
   2.8159965e-01  -1.8740568e-02   6.7407671e-02  -2.6112966e-02  -7.6886197e-02  -2.4206828e-02   1.0047239e-02  -2.9784714e-02   8.8043400e-02  -4.5690189e-02  -2.0218125e-02  -1.7714426e-02  -4.0125958e-03   2.1181107e-02  -6.6630598e-03   2.5442960e-03   4.7408488e-03   1.6560335e-02   3.5471453e-02   1.4347950e-03  -3.8486072e-02   4.1310752e-02  -5.2983291e-02  -6.4699848e-02  -2.4020248e-02  -2.7223661e-02  -6.2190072e-02  -2.1129776e-02  -6.7849437e-02   1.1803147e-01  -5.2572740e-02  -4.0636602e-02  -4.6132594e-02   1.4529672e-01
  -1.2438695e-02   1.3687690e-02  -4.1690610e-02   1.3981951e-01  -3.7014467e-01   2.4932295e-02  -8.7057558e-03  -2.0386735e-01   7.5896119e-01  -2.8509068e-02  -1.3403038e-01  -1.2895322e-02   5.1051202e-03   7.1683243e-02  -6.3534933e-02   1.7208101e-02  -6.6556035e-02  -6.2855850e-03  -6.3729727e-02  -2.0558814e-02  -1.1226701e-01   2.7167186e-01   4.3502312e-02  -1.7595753e-02  -2.0330156e-02  -9.0467762e-02  -3.9171730e-02   2.8839167e-03   2.7506490e-02   3.8013450e-02  -1.7539338e-02  -5.5804906e-02   3.9172302e-02   2.0855611e-02
  -4.6913619e-02   4.2237728e-02  -6.1141555e-02   2.5924527e-02  -8.4938566e-02   3.6842991e-02  -4.5440851e-02  -4.1516641e-02   1.1461044e-01  -2.8048303e-02  -7.1282228e-02  -4.4361836e-03   1.3850894e-03  -3.9415866e-03  -1.4831525e-02   7.0213154e-02  -2.5768777e-03  -1.3106627e-02  -3.5968573e-02   1.3884861e-02  -1.5846041e-01   7.6517393e-02   5.8123993e-02  -3.2518990e-02  -1.1266875e-02  -6.0008515e-02  -5.5662905e-02   9.1850868e-03   1.9052197e-02   3.1031931e-03  -2.7846390e-03  -5.3620199e-02   2.8183719e-01   1.3812409e-01
   1.1140276e-01  -2.5406947e-03  -9.3613548e-02   1.7123188e-02  -8.4728541e-02   4.1599696e-02   1.1165823e-01   1.1100871e-01  -2.6218402e-01  -7.5395698e-02  -1.3283458e-01  -1.3834573e-03  -1.9953217e-02   2.5485526e-01   2.8344112e-02   1.3700910e-02  -3.7080532e-02  -1.4276346e-01  -7.8470149e-02  -2.0611981e-01   7.0498752e-01   1.5514630e-01   3.1801910e-02  -8.7319406e-02  -4.9557245e-02  -6.6123273e-02   2.3748790e-02  -7.6586192e-02  -3.1936656e-02   2.2303316e-02  -1.1355688e-01  -1.1429426e-01  -2.0440459e-02  -6.0666052e-03
  -5.5366525e-02   6.5819495e-02  -9.2312684e-02   2.7183373e-01   1.5205235e-01   4.5811660e-02  -2.5737416e-02   6.3562734e-02  -1.0655748e-01  -3.6979522e-02  -8.6565325e-04   6.6555465e-02   9.8781478e-03  -1.1642363e-02   9.9655019e-02  -4.0997657e-02   2.5944563e-02   5.5669249e-02  -2.2028339e-02  -1.6503937e-02   7.1860177e-02  -1.6090703e-01   1.0546289e-01  -1.2998871e-02   2.5085718e-02  -3.9280067e-02   1.3468509e-02   3.7900604e-02  -1.5475657e-01   6.1914973e-02  -2.0488766e-01  -1.0239706e-01   3.1127169e-02   1.9961129e-02
  -4.0130271e-02  -1.8945417e-03   1.3095821e-02  -1.4465163e-02  -1.0139253e-01   2.0688391e-02   7.6193578e-02  -4.6250864e-03  -1.9498603e-02  -3.5325024e-02   5.5760691e-02  -3.7738032e-02  -4.1237868e-03   6.3768271e-02   7.0925178e-03   2.1040586e-01   4.7765434e-02   7.0838287e-04  -1.1786275e-01  -9.3065720e-02  -7.2042218e-02   1.8535381e-02   4.5689458e-02  -3.0202397e-02   1.0311726e-02  -2.8936726e-02  -1.5133118e-02  -2.4589731e-05   1.7834123e-02   6.0260161e-02   5.0898868e-02   3.7472062e-03  -2.9001247e-02  -2.4561099e-02
  -6.9804934e-02  -8.3125516e-02  -1.7080546e-02   7.1002930e-02   1.1516480e-01  -2.6109678e-02  -1.4251094e-02   2.8527875e-02  -1.5995442e-01   9.5055480e-02  -6.4397987e-02   5.7489331e-02  -4.7751748e-03  -9.2761902e-02  -3.3891500e-02   2.5203313e-01  -1.7074827e-01   5.5070986e-02  -2.5622476e-02   2.0383812e-02   8.9047994e-02   1.1985857e-01  -8.6874112e-02  -3.8620799e-02   5.4146078e-03   7.4445644e-02   4.8343221e-02  -2.2044629e-01   1.0852213e-01   3.4900063e-02   9.2899009e-02  -1.1651148e-01   1.0595013e-02   2.0060218e-02
   4.0945625e-02   2.2341830e-04  -1.5582900e-02  -7.0713035e-03   1.2386756e-02  -2.3003274e-02  -2.2098787e-02   4.3407500e-02  -4.5014727e-02   1.5630263e-02  -5.7961012e-02   1.7046259e-02   1.5738703e-03  -1.1975858e-01  -5.3311102e-02  -7.8829899e-02   2.6340881e-01   1.3387751e-01   5.6694987e-02   1.9732668e-02  -6.5898186e-02   3.0451642e-02  -2.3908993e-02   3.2561705e-03  -4.1224023e-03   3.2855976e-03  -3.2150122e-02  -2.4112719e-02  -7.5424161e-03   1.4499956e-02   2.8466451e-02  -9.3448222e-02   6.4432224e-03   2.5781828e-03
  -1.6203930e-01  -4.0895257e-02  -4.5873605e-03   2.5986017e-02  -3.3488245e-02   4.0584063e-02  -7.8605397e-04  -1.9448599e-03  -3.5707734e-02   3.6501897e-02   8.7908754e-03  -2.0349088e-02  -3.5954177e-03   1.0497666e-02  -1.1160307e-02   3.0382341e-02  -4.2513791e-02  -1.3615852e-02  -3.0829093e-02   9.8439242e-02  -7.5093852e-02   9.1612962e-02  -8.4689549e-03   6.2977040e-02  -3.8100564e-02  -6.2559040e-02  -4.4017784e-03   1.0542649e-01   1.3431401e-02   1.8158314e-01   2.6748026e-02  -6.4905786e-02   6.2667823e-03  -3.2303056e-02
  -1.2199374e-02   2.3293427e-02   2.8013201e-02  -8.2035277e-02   9.2796944e-03  -4.4582876e-02  -1.0787156e-01   9.9392936e-02  -2.2477578e-02  -3.0905155e-02  -1.0020719e-02   1.4147726e-02  -4.4236062e-03  -1.0813825e-01   3.2154387e-01  -1.2744914e-01  -2.8207919e-02  -3.7303519e-02   8.5830153e-02   5.1593819e-04  -1.0421539e-01   8.6490879e-02  -1.2313384e-02  -1.4393129e-02   3.3842209e-02  -5.6899233e-03   7.2718069e-02  -9.5358721e-03   4.1280248e-02   1.3494256e-03   9.3764456e-03  -4.7610227e-02   3.4835030e-02  -1.3384813e-02
   4.2513864e-02  -6.2353211e-02  -7.9995829e-03   4.2119633e-03  -1.6194293e-02  -1.7609051e-03   1.4408848e-02   3.9047847e-02  -8.6406362e-02   8.5672554e-04   1.1056500e-02  -2.8951634e-02   1.5656076e-01  -4.1260994e-02   1.7578021e-02   6.2692904e-03  -9.8307926e-03  -5.2626830e-02   1.2217133e-02   1.0959930e-02  -2.8956661e-03  -2.0278210e-02   1.2755205e-03  -3.8301322e-04   1.7059094e-02  -6.5212219e-02   3.0914057e-02  -7.4060924e-03   7.9827583e-05  -6.1313918e-03   3.6735800e-02   3.1674010e-02  -1.5269058e-03  -1.3347931e-02
  -1.5975972e-01  -4.7920455e-03  -3.0427889e-02  -1.1438110e-02   7.6888037e-02  -3.5178347e-02  -2.4699120e-02   1.2043742e-02   8.6264380e-02  -2.1526470e-03  -6.2819865e-03   3.3423797e-02   8.6212810e-03  -6.7495647e-03  -1.5253288e-02  -2.6875929e-02   9.8900665e-02  -1.1304390e-01   2.7409137e-02  -2.0864616e-02  -2.4105133e-03  -5.1952569e-02   2.0830451e-03  -4.4443795e-02  -3.6487125e-03   4.1819557e-02   3.6922365e-02  -7.6141098e-02  -7.3100032e-02   3.1473949e-01  -7.0086226e-02   1.8216552e-02   2.9305359e-02  -4.9956292e-02
  -1.5620759e-01  -2.5616383e-03   3.4157138e-01   6.5832460e-03  -2.4390836e-02  -1.0333227e-02  -1.2340110e-01  -4.6793091e-03   6.0800429e-03   1.4344540e-02  -4.5966088e-02   2.2541375e-02   9.2280387e-03  -3.0779395e-02   1.6670453e-02   3.6536903e-02  -6.3457059e-03  -2.2924951e-02   2.8583657e-02   1.6561897e-02  -1.0146396e-01   5.3043222e-02   3.0420240e-02   2.2681840e-02   8.0861458e-02   1.2710942e-03  -1.0357263e-02  -1.5566370e-02  -5.7279216e-02   2.0675911e-02  -2.6186038e-02  -5.1594447e-02  -4.0921224e-02   4.3447701e-03
   7.3717503e-02   4.2427644e-02  -2.1203047e-02  -5.8831019e-02   4.5005376e-02  -4.6277084e-02   5.4691500e-03  -3.4729684e-02   1.0762823e-01   4.1088733e-02   6.8884374e-03  -8.0828638e-02  -3.5233070e-03   3.2253947e-02  -4.4610832e-04   7.9578347e-02  -1.6451712e-01  -3.2737230e-02  -4.5591668e-02   2.8148854e-01  -1.1341427e-01   4.7324153e-02  -1.0143987e-01  -2.8723089e-02   5.4950395e-02  -7.8418308e-03   5.4193607e-03   1.8748586e-02  -1.1899855e-01   3.1490934e-03   3.4578970e-03   2.0774108e-02   2.8333529e-03   4.8304433e-03
  -7.4712377e-02   2.4081012e-02  -3.7906673e-02  -9.4445339e-04   3.1983770e-03  -2.0133352e-03  -6.7658845e-03  -3.2696895e-02   5.9162863e-02   2.3641370e-02   1.4374559e-02  -4.8719444e-03  -1.2156944e-03  -1.8790240e-02   3.5122705e-03   2.9073653e-02   2.8647564e-02  -1.5409365e-02  -1.8883211e-02  -9.0717480e-03  -4.8381187e-02  -5.0488324e-02   2.2527048e-02  -3.4841602e-03   5.9306949e-04   7.8990015e-03  -2.2741966e-02   2.0523285e-02  -7.7846003e-03  -6.9875792e-02   3.1713110e-02   4.8598712e-02  -9.6014273e-02   2.0322640e-01
  -9.8228473e-02   3.5832949e-02   1.8910294e-02  -3.0870308e-02   5.5996689e-02  -3.1031862e-02   2.0915059e-01  -8.2450037e-02   3.3070486e-02   4.9125411e-02  -1.7633249e-02  -1.8429992e-02   3.0237012e-03  -4.0800237e-02   5.2374998e-02  -1.2471729e-01   3.8397239e-02   5.1541005e-02  -1.1709092e-02  -1.7222472e-02   4.1397562e-02   5.3795679e-02  -1.8966229e-02  -2.8560452e-02   7.2718969e-03   2.1848949e-02  -3.9481658e-02  -4.8770114e-02  -5.8580562e-02   7.0156448e-02   5.6413913e-02  -8.3741383e-02  -1.4893399e-02   3.3052106e-02
  -3.6238663e-04   6.8999441e-02  -2.0190339e-02   1.8353139e-02  -3.0820526e-02  -8.8669453e-03   5.1651525e-02  -1.3821184e-02   2.5922229e-02  -8.7548120e-03  -3.2702984e-02   1.6641674e-02   7.7777503e-05  -2.9795133e-02  -2.0615745e-02   7.2192249e-03   3.0176523e-02   1.9443889e-02  -1.7988355e-02   3.0128816e-02  -1.4775712e-01   3.8814430e-02   7.5947697e-02  -7.5345360e-03  -9.2811861e-02  -2.9549822e-02   2.1959147e-01  -2.2667365e-02  -1.6140998e-02  -4.3409747e-02  -2.2936883e-02   9.1837716e-03  -2.2590875e-02  -4.8872587e-02
  -1.3233545e-02  -6.3297447e-03  -2.5854319e-02   1.0758208e-02  -3.4430720e-03   2.0071093e-02   4.5581057e-02   1.4195265e-02  -8.3133670e-02  -1.8078473e-02   2.6725008e-02   3.0276918e-04  -9.3954765e-03  -4.3388616e-02   6.2378110e-03   3.7793862e-02  -6.7303118e-02  -7.8877892e-02   4.4601661e-01  -4.0848816e-02  -1.9229446e-01  -7.3722620e-02  -3.2879808e-02   1.7482425e-02   1.8483343e-02  -1.6607430e-03  -3.0516559e-03   2.7684570e-03  -1.7465557e-02   3.0016075e-02   2.3021511e-02   3.5393127e-03  -5.4919361e-03   6.0014869e-04
   4.0044293e-03  -1.7868214e-02   5.7990535e-03  -2.6557481e-02   5.1337292e-02  -3.4463250e-02   1.4184611e-02   1.1822248e-02  -7.9323853e-02   3.0547833e-02   1.4658200e-02  -2.3577784e-02   4.6978883e-03   2.4093419e-02  -2.4067511e-02  -1.9276165e-02  -1.1961738e-01   2.6823854e-01  -2.8368626e-02  -7.9871557e-02  -3.3166255e-02  -2.7680110e-03  -3.9580905e-02  -3.5555512e-03   3.9161043e-02  -1.9156732e-02   1.3547333e-02   3.1161536e-02   2.7009336e-02   2.7998785e-02  -8.0892520e-02   3.9224478e-02   3.5447731e-03  -6.6551068e-03
   1.6224187e-02   2.2190319e-02  -5.6024365e-02   1.6830111e-02  -2.8676191e-02  -3.2132289e-02   4.3349545e-02   6.6300677e-02  -2.3644089e-02   3.8021640e-02  -1.7368680e-02  -5.7974917e-02  -4.1526240e-03  -7.6706179e-04  -2.6061562e-02   2.0570515e-02   5.5815047e-02  -3.4911040e-02   2.0575312e-02   9.7979448e-03  -1.3425719e-01   5.8470501e-02  -6.1994012e-03  -6.8330638e-02   2.4189077e-01  -1.3603205e-02   2.2262265e-03  -1.5066000e-02   8.0706461e-03  -1.6671815e-02  -2.2142187e-02  -3.5496138e-02   1.4382891e-03  -2.0248369e-02
  -1.8785596e-02  -1.0997336e-02   1.7720830e-02  -2.7644751e-02   1.9820875e-02   5.5598411e-04  -2.8326198e-03  -2.3496059e-02   2.2328467e-02  -3.3253014e-02   5.3934012e-02  -9.4459677e-03  -4.3637330e-03   2.2973536e-02  -3.2572737e-02   7.1258279e-03  -2.2502704e-02   6.6312316e-02  -6.9357342e-02   3.8762483e-02  -1.1459548e-01  -5.6172693e-02   2.3708721e-01  -2.7814403e-04   5.5277011e-03  -1.1100646e-02  -1.3761301e-02  -5.9263543e-02  -1.8654354e-02   4.1565544e-02   4.4170700e-02  -4.0047914e-02   3.4613531e-03  -4.9105836e-03
  -1.6957358e-02   2.5682689e-02  -5.0695386e-02  -7.5896281e-02   3.6296185e-02   2.1807434e-01  -3.8291913e-02  -4.8719036e-02   8.0978476e-03   8.9660635e-04  -1.6575380e-02  -5.5658683e-02   5.2905860e-03   1.8184212e-02   2.8558223e-03  -3.3150923e-04   2.8587123e-03   1.7499501e-02   5.0804179e-03  -1.9786086e-02  -5.2590801e-03   4.4708863e-02  -6.6064803e-02   1.1597676e-02   1.3100751e-02   2.5800751e-02   1.3817541e-02  -2.6411608e-02  -1.2760155e-02   1.8443682e-02  -1.5299526e-02  -3.1329215e-03  -8.2020762e-03   2.8334279e-04
   2.8770268e-03  -3.7847972e-02   5.1263304e-03  -1.4211337e-02  -6.3907894e-02  -7.0286291e-03   1.8992214e-02   2.5352480e-01  -4.1765315e-02  -7.5155259e-03  -5.0914207e-03  -8.9054042e-03  -1.0652118e-02  -2.9856973e-02  -1.0192933e-02  -1.6944401e-03   2.1859059e-03   3.0267077e-02  -1.0359438e-02   2.3743967e-02  -1.2704840e-02  -1.2886201e-02  -2.0857267e-02   1.3329665e-02  -2.4559165e-02  -3.3846368e-02  -1.4042854e-02   1.5649090e-02   1.2726216e-02  -1.4400116e-03   1.1771003e-02  -1.5902142e-02  -1.5263706e-02   1.0831688e-02
  -8.9164622e-02   1.4409718e-01  -3.3497155e-03  -3.0454369e-02  -5.1058170e-02  -1.6863088e-02  -2.1477558e-02   6.4272311e-02   4.3484540e-02  -1.2554339e-02  -2.8104848e-02  -4.2807386e-02   1.3451146e-02   2.8574863e-02  -6.3266965e-03   1.7300837e-02  -3.8287298e-02   4.2735216e-02  -1.9113843e-03  -2.3490006e-02   1.0157459e-01  -9.6984401e-02   6.5736302e-03  -2.4975374e-02   9.3997977e-03  -5.0894418e-02  -2.4557879e-02  -9.0564872e-03  -1.3794584e-02   2.2839610e-02   7.4448106e-02  -1.3471208e-02   3.9985689e-03   5.3108215e-04
  -2.8759774e-02  -2.7998222e-03   4.3819360e-03   3.2058592e-02  -6.3986765e-02   5.7942716e-03   2.9330214e-03   4.0189896e-03  -2.6444636e-01   4.5350143e-02  -1.1725046e-02   2.9461666e-02  -7.5680271e-03   1.5930384e-02   5.5646098e-03  -1.8773858e-02   7.4810974e-03   2.1153589e-02  -1.7200147e-02   5.9374663e-03  -5.4532206e-03   2.7351281e-02   7.3490433e-04  -1.9579590e-03  -2.1901616e-03  -6.2683632e-02  -8.2924681e-03  -2.9678913e-02  -3.8367334e-02   4.5312213e-02   2.6026064e-02   2.9478675e-01   5.3346433e-03   6.3223090e-03
  -6.1774522e-03   2.4257007e-02  -3.8007590e-03  -4.5819420e-02   1.0689137e-02   1.7653376e-02   1.3086754e-02  -2.0372613e-02  -1.1183636e-01  -2.4851394e-02  -2.7494924e-02   2.6627110e-01   7.0166045e-03  -5.3499202e-02  -4.2524502e-02   1.5230691e-02   5.3511200e-03  -1.8207635e-02  -5.6451051e-03   3.3424390e-02  -3.7322623e-02  -1.4318343e-02   1.6702582e-02  -2.8389630e-02   3.0865129e-02  -1.7492747e-02  -1.4344289e-02   2.8177991e-02   1.7265463e-02  -9.6908533e-04  -1.2246614e-02   1.4230503e-03   4.4805889e-03   4.5745604e-03
   9.0826602e-03   1.8436805e-02  -6.7349622e-03  -1.0748159e-02  -1.3917066e-02   7.1077328e-04  -8.1140607e-02  -5.5060849e-02  -8.3282451e-02   2.7360265e-01  -4.1896313e-02  -1.9173953e-04   2.7755387e-03   3.3653683e-03  -1.5653582e-03  -1.6527428e-02   6.7613943e-03   1.2651812e-02  -1.2646717e-02   4.8209988e-04   2.5065532e-03  -2.8989749e-03  -1.4741255e-02  -4.4503784e-03   3.0271240e-03   7.3137061e-03   1.1887563e-02  -6.5589962e-03   2.7492075e-03  -3.8416115e-03   8.9942504e-03  -5.4150559e-03  -3.2450424e-03  -7.2560790e-03
  -4.2581636e-03   3.9304614e-03  -5.6898883e-03  -1.8378061e-03  -9.8176969e-02   7.5306716e-03  -7.8412265e-03   3.3278637e-02  -2.5462763e-02  -1.7513538e-03   1.6424682e-02   1.4160646e-02   7.0745337e-03   1.4225040e-02  -1.4474427e-03  -2.0037488e-02  -1.8113211e-02   3.0446337e-02  -9.8415535e-03   3.5399447e-02  -2.2507132e-02  -6.9748872e-02  -6.1671939e-03  -1.9474194e-03  -1.2322524e-02   2.1786587e-01   4.9821395e-03  -1.0581245e-02  -1.8862060e-02   1.7974703e-02  -3.5167671e-02  -2.0867627e-02   1.3328287e-02  -3.3930681e-03
  -1.0739459e-02   3.2274303e-02   1.4356558e-03   1.1834454e-02  -1.8786584e-02   3.3987022e-03  -6.4746932e-02   6.8149066e-03   7.0515000e-03  -2.2699094e-02   1.5703848e-01   1.0833370e-03  -2.1743684e-03  -3.7043897e-02  -3.5678872e-02  -4.3699498e-02   1.2153716e-02  -8.7781511e-04   1.2698662e-02  -1.1251031e-02   2.9165734e-02   6.6122649e-02  -2.8223643e-02  -8.9615706e-03   7.1312833e-03  -3.3975351e-02   1.9958230e-02  -3.5325908e-02   1.2932452e-02  -4.7412541e-03  -1.0560601e-03  -1.8338112e-02  -2.3244524e-04   3.7320235e-03
  -1.5691863e-02  -1.0700083e-03   4.2523912e-03   1.7856289e-02   3.9688776e-02  -1.2716910e-02  -6.4062082e-03   3.2795336e-02  -1.0297826e-01  -7.6949685e-03  -1.1240843e-02  -2.9330880e-02   2.4302546e-03   1.8502941e-01  -4.2043205e-02  -6.8289531e-02   2.3759289e-02  -4.4737739e-02   3.6374177e-02   4.1403802e-02  -7.5913186e-02   1.7405698e-02   3.9587166e-04  -1.1523893e-02  -5.4917547e-03   1.5009378e-02  -1.1576658e-02  -1.5626521e-02   3.7398506e-02  -1.8083806e-02  -2.9323412e-03  -5.3902993e-03   3.9307279e-03   1.8466116e-02
  -4.0150905e-02   6.3662000e-02   1.2138175e-03  -1.1114823e-03   2.4952937e-02  -1.1383309e-02   8.4737261e-03   7.1207973e-03  -7.6149740e-02   4.4442329e-02   8.9529529e-03  -4.0219585e-02   1.0296570e-02  -3.8334694e-02  -7.1703074e-04   4.1250100e-02  -4.8503011e-03  -3.2298575e-02   1.0621493e-02   1.1088026e-02  -2.2682755e-02   8.3094956e-02   2.4785900e-02  -7.2347939e-03  -4.7507529e-02   4.5088764e-02  -5.2877523e-02   2.3347885e-02   3.1023510e-02   1.1479974e-02  -1.0795501e-01   1.1270902e-02  -4.7850421e-03   1.1698028e-02
   1.5316051e-02   2.1069362e-02  -1.1033863e-02   2.3452917e-03   6.7764415e-03  -2.2606120e-02   6.5978134e-03  -6.7440656e-03   1.0981714e-02  -7.4804701e-03  -8.5037156e-03   2.1985761e-02   1.4292397e-03   1.5053458e-02  -1.2223746e-02   1.2842783e-02   3.9753658e-03  -5.6463919e-03   4.2255009e-03  -4.7918409e-02  -8.6740563e-02   1.9451024e-02  -4.2962835e-02   1.9573991e-01   1.0519753e-02   1.2117131e-02  -2.3805635e-02  -3.0606363e-02  -1.0551703e-02  -3.0403369e-03  -7.4971153e-03   1.9000312e-03  -1.9056712e-03  -1.1690959e-02
