   8.3680576e-02  -1.1720188e-01  -1.9070540e-02  -1.3552366e-01  -4.2445808e-01  -6.2866707e-02   1.0921036e-01   4.0600069e-01   4.0072252e-01  -1.7114590e-01   6.5759406e-01   1.5140089e-03   1.4620082e-01  -3.4422076e-01  -4.5106473e-01   5.5164734e-01  -4.8917653e-01   1.2384290e-01  -4.1784036e-01   1.1382125e+00  -1.3815181e-01  -3.3674812e-01   1.3075028e-01   5.4110024e-02   4.0865914e-02  -8.9033614e-01  -8.7165893e-02   3.0744203e-01  -4.9394356e-02   5.6113466e-02   4.8199929e-01   1.9130937e-01   9.2012914e-02   5.7909066e-02
  -6.4024962e-02  -1.6519141e-01   1.3772070e-01   3.3799864e-02   2.0258278e-01   2.6802029e-02  -3.3187769e-01   1.0396500e-01  -1.5701141e-01  -5.6698720e-02   1.8563259e-01  -1.4035359e-01  -1.7940457e-01  -1.1985062e-01   8.1718727e-01  -9.9378332e-01   3.1113251e-01   5.9978107e-01   1.8261737e-01  -4.9193032e-01   8.1665680e-02  -1.4695179e-01   3.4527192e-02   1.1151254e-01   3.1354139e-02   1.0766037e-01   2.6563002e-02  -1.5023966e-01   9.6473263e-02   6.5872600e-02  -1.1698208e-01   1.4028094e-01   2.6804867e-02   5.7047005e-04
  -4.9963981e-01   8.4859493e-01   5.4883895e-02   5.3778551e-02  -1.2701351e-01   1.2910333e-02  -3.5325902e-02  -1.5609743e-01   7.6086389e-02   1.0500314e-01  -2.4997808e-01   4.8082326e-02   3.1517804e-02   1.0714347e-01  -2.4251857e-01   2.6444516e-01  -1.5122621e-01   2.5774751e-01  -9.0631198e-02  -6.5477839e-02  -4.7680128e-02  -4.6598572e-01   1.4088547e-01  -1.0190842e-01  -2.3110733e-06  -2.1098824e-02   1.4153036e-02   1.0735982e-01   4.2912815e-02   4.9744758e-03  -4.4088820e-01   3.8963108e-01  -1.9592824e-03  -1.5933060e-02
   2.0216996e-01   1.9909041e-01   7.3349318e-02   6.5784212e-02   1.9162852e-03  -1.8750970e-02  -5.4680832e-02  -1.1756786e-01   5.3714884e-02   1.0714649e-02  -7.5120087e-02  -3.7820433e-02  -2.5856078e-02   1.1407821e-01  -3.9772039e-02   2.3388626e-02  -1.3710563e-03   4.5018304e-02   1.8197098e-02  -7.2401309e-02  -8.4413873e-03   9.6742862e-03  -1.1471703e-01  -4.2867448e-02  -1.9486123e-02   8.5499584e-02  -1.7733563e-02   8.9741572e-02  -1.1969113e-02   5.8855251e-02  -4.7245304e-01   2.8981994e-02   5.8658311e-02   4.9528149e-02
  -6.3396492e-02  -2.1202387e-03  -2.5897006e-02   2.9818019e-02  -2.0805593e-01   4.9979147e-02   2.9219928e-03   9.3824148e-02  -7.1438683e-03   3.8418236e-02  -4.2919307e-02  -2.8806000e-01  -1.7494093e-01   1.1175228e-01   1.0657967e-01  -9.8856683e-02   4.5653712e-02   1.7721504e-01  -9.7340041e-02  -3.1866106e-02  -2.2914728e-02   5.5143232e-02  -1.4723613e-01  -5.0264800e-02   1.1242817e-02   2.4754669e-01  -4.2582927e-03  -7.6648099e-02  -6.2964551e-02   1.0850854e-01   1.1271683e-02   3.7621970e-02   2.4321622e-01   3.3440771e-02
  -4.3410724e-01   4.1160558e-01  -1.6300382e-02  -1.6914496e-01  -1.4367914e-01   3.1755629e-02  -6.4824069e-02   1.5869533e-01  -6.0089681e-03  -1.0651022e-01   7.9111606e-02   5.4744704e-02  -7.7680298e-02   4.1679510e-02   3.1062228e-02  -5.9579574e-02  -3.9830444e-02   2.4067780e-01  -5.0732249e-01   2.1883909e-01   5.0920349e-02   1.2283509e-02  -2.4312563e-02   3.7212281e-02  -4.0866936e-02  -7.0999513e-02  -3.3483793e-02  -7.9642159e-02  -3.3524266e-02   3.7690426e-01   1.4524150e-02   2.0742721e-01  -1.6684466e-02  -7.9346816e-02
   2.0805041e-02  -6.9242472e-02  -8.8268289e-03  -1.2358072e-02  -8.3201790e-03   1.0820834e-02  -4.1991587e-03   6.2015846e-03  -7.2674139e-03  -3.4050461e-02  -7.5262310e-02   4.2120780e-02  -2.5293569e-02  -3.5753293e-03   1.2858398e-01   2.9490534e-01  -1.5081099e-01  -7.3561604e-02  -1.4190048e-01  -2.9077006e-02   4.6887677e-02   5.9533162e-02  -6.2397580e-02   2.2693511e-03  -1.0640824e-02   7.5708115e-02  -5.6799234e-03   2.9870268e-02   2.7138261e-02   2.5834418e-02  -3.1828466e-02   2.1654425e-03   2.0910731e-03  -9.5174031e-03
  -4.4986831e-02  -8.2387116e-02   5.1281969e-03  -1.9761511e-03  -2.1569982e-01   4.5561445e-03   3.6934959e-03   6.4840285e-02  -2.8967210e-02  -3.8559078e-02   1.5352322e-02   1.5288819e-01  -2.9169221e-01   3.7528649e-02  -1.4986470e-02  -2.9981506e-02   3.5237677e-02   5.7761038e-02  -2.1996419e-01  -7.6491693e-02   6.3487469e-02   1.0761123e+00  -6.4108804e-01  -4.3885896e-02   5.0825103e-02   3.0516873e-01  -1.6580094e-02  -2.3860755e-02  -6.6161132e-02   8.3406471e-03   5.8752458e-01  -6.4935556e-01  -8.8061894e-03  -1.1056114e-02
  -4.2243237e-02  -3.7168049e-01  -2.5362062e-03  -8.5360308e-03   4.8109251e-01   2.3598749e-02   7.2524081e-02  -1.9930006e-01   2.9874109e-02  -6.0876085e-03  -1.2402659e-01   3.2661320e-01  -6.5696607e-03  -3.8896952e-02  -1.3433365e-01   9.8700298e-02   5.7847678e-02  -1.8846684e-01   2.4289197e-01  -3.2043957e-01  -8.3475794e-03   1.5222957e-01   5.6078705e-02  -4.7925423e-05  -3.7472399e-02   3.0845365e-02   2.0842242e-02  -9.3371168e-02   7.1959502e-02   2.2326237e-01  -1.2908246e-01  -2.4354129e-01   1.6372804e-02   2.4994145e-02
   6.7398294e-03  -6.6579020e-03  -2.2151582e-03   1.2027841e-02   6.7208728e-02  -1.7189754e-02   1.2502714e-02  -6.8918408e-03   9.8971341e-03   9.6064435e-03  -1.5314223e-02  -3.3184349e-02  -1.5005107e-02  -5.0685283e-02  -6.0522787e-02  -5.6380935e-02   3.4581232e-01  -4.2618614e-02  -2.1576286e-02  -1.3837683e-02  -3.6829228e-02  -9.8495493e-03  -2.3212174e-02  -1.7515163e-02  -3.4911825e-03   7.0236840e-02  -3.5833538e-03  -2.8315112e-02   7.7879953e-03   1.2477927e-02  -5.0330742e-02  -2.1140299e-02  -1.2948689e-02  -6.8819198e-03
  -8.5179490e-03  -5.3362670e-03   1.9102782e-02  -4.9264826e-03   3.6052318e-01  -2.3052784e-02  -2.5101386e-02  -1.0529688e-01  -3.0729161e-02   4.1145976e-02   4.9683588e-02  -7.6764472e-02  -2.5600438e-01   5.0420427e-03   9.3806100e-03   5.8638841e-02   7.6166923e-02  -1.0667491e-01  -3.3457192e-01   7.1452134e-03   1.3292358e-01   6.4630629e-02   2.2244055e-01   7.0729229e-02  -9.3844415e-03  -7.4132453e-02   3.1444930e-03   1.8132978e-02   7.7174281e-04  -3.0578569e-02  -1.3494596e-01   1.2460048e-01  -6.0359013e-03  -1.2457510e-02
  -1.1693265e-02  -2.5449119e-02  -2.0182702e-02   5.3565885e-02  -9.1260758e-02  -1.1329964e-02  -1.2682007e-02   5.0163799e-02   3.2437201e-03  -2.1443279e-03   3.1500469e-02  -5.9914287e-02   3.3494004e-02   8.7385001e-03   3.0972549e-03   2.4421526e-05   3.4914045e-04   1.5996538e-02  -7.6774880e-02   2.8899205e-02   3.5795866e-03   3.1055233e-02  -1.2442518e-01  -3.0935094e-02   1.2278586e-02   1.2019635e-01   9.8436074e-03  -1.9958232e-02  -5.4293261e-02   3.9989318e-03   1.7449665e-02  -6.0231548e-03  -6.2613568e-02   1.8717630e-01
   2.8637135e-02  -5.5952085e-02  -6.9226885e-03   1.6078633e-03   7.7389735e-02   1.2332134e-03  -1.0585725e-02  -2.2712952e-02  -9.9936233e-03   2.1726162e-03   8.0373289e-03  -2.5473872e-01  -9.7913011e-02   4.9308677e-01  -6.4650999e-02  -6.0065120e-02   4.3044025e-02  -9.3622676e-02  -4.8975762e-02   3.5643029e-03   8.3129903e-03   2.5088128e-02   4.9793098e-02   1.6436193e-02  -5.0835013e-03   9.0506826e-03  -7.4140271e-03  -1.5843832e-02   5.0293790e-03   6.5490886e-03  -2.7987863e-02   2.0165887e-02  -2.9666383e-03   5.4229765e-03
   2.9196138e-02   6.8582179e-02  -2.3425882e-02   4.8198012e-04  -1.3702413e-01   1.6706136e-02   7.7750142e-03  -6.8080828e-03  -3.4240184e-02  -3.4699489e-02  -8.3585656e-02   2.1417688e-01   1.0638671e-01   1.6093949e-02   7.2882113e-03  -3.6495307e-02   2.8628441e-02   1.0259838e-03  -2.0067487e-01   5.6748642e-02   5.1249307e-02  -2.0713122e-01  -6.2342311e-02   2.2293170e-03  -3.0912891e-02   8.0586728e-01   6.8095013e-03  -1.8461243e-01   1.3630443e-02  -2.3155479e-02  -2.2594016e-01  -1.5102721e-01   6.2872875e-03   4.1020231e-04
   6.5623222e-02  -7.6884783e-02  -3.1040572e-03   5.5175637e-02   2.8857629e-01  -1.7864521e-02  -1.5833917e-02  -1.8353047e-01   1.8820128e-03   3.4849698e-02   4.9242693e-02  -1.8166443e-02  -1.5061072e-01  -1.1832973e-02  -1.1036170e-01   9.8334266e-02  -1.6239761e-01   4.8358544e-01  -1.7775881e-01  -4.9306611e-02   2.3373763e-02   5.5274195e-02  -1.9289017e-02   9.5018596e-03  -4.9646285e-03   6.1982610e-02  -6.5008294e-03  -8.6935448e-03   2.0773417e-03  -2.9364079e-02  -1.2157462e-01  -7.7367253e-02  -9.8763829e-04   3.9274641e-03
  -9.3970815e-02   9.2855512e-02  -1.7856426e-02   3.9328207e-02  -2.5230510e-02   4.9857374e-02   1.7511042e-01  -2.4363447e-01   1.4629258e-02   7.7621194e-02  -4.2490099e-02  -5.1529590e-02  -2.7184517e-02   1.3650530e-02   6.9603285e-02  -8.2395419e-02   2.4913172e-02   9.8687880e-02  -3.9493483e-02  -3.6634489e-02  -4.5691958e-02  -1.1305067e-02   6.2271507e-02  -2.5505154e-02  -1.7001567e-02  -1.3878293e-02   1.4260349e-03   2.2526275e-02   2.5129621e-03   1.6101715e-02  -5.2582395e-02   1.1490969e-01  -2.5173363e-02   7.7787779e-03
  -5.8965768e-02  -9.5801201e-02   2.8062704e-01  -5.3279259e-02  -8.2658594e-02  -1.7710289e-02  -3.0283519e-02  -2.7772810e-02  -7.2683668e-04  -2.7386092e-02  -5.5800696e-03   5.3583822e-02   5.4200024e-03   5.8607171e-03  -1.8895067e-02   2.1618831e-02  -3.0648952e-03  -3.1573137e-02  -4.2492130e-02   3.1626507e-02   1.8958998e-02   1.7803743e-02  -2.5790352e-02   6.7987430e-03  -8.9813417e-03   8.6615544e-02  -4.5989652e-03  -2.2566510e-02  -3.7165973e-04  -2.2430717e-02   8.4966281e-02  -1.5535817e-02  -3.6097439e-02   2.0008171e-02
  -1.5423840e-02  -3.6332565e-03   1.8211544e-02   5.3389084e-02  -1.0585090e-02  -6.9786550e-03  -1.5200241e-02   3.9520326e-03  -6.0243629e-03   8.5544883e-02   6.3314488e-02  -3.7559358e-01   3.7940465e-01  -2.3614415e-02  -3.0328178e-03   2.7511326e-02   3.1135222e-03  -6.2436774e-03  -1.7661677e-01  -2.2427461e-02   3.2042339e-02   3.6877189e-02  -5.1077766e-02  -3.1665933e-03   6.4134779e-03   8.2333371e-02   2.6204204e-03  -3.7387231e-02  -1.9113505e-02   3.6444545e-03  -7.7172790e-03  -1.0483329e-02   1.0751720e-03  -8.2142972e-03
  -1.6735963e-03  -1.6594327e-01   9.4056976e-03   1.8258531e-02   4.8187965e-02  -1.5560677e-03   6.4224342e-03  -4.7568411e-02   7.3885179e-02   2.5664880e-02  -2.4755572e-02  -4.8615108e-02   1.8499320e-02   1.6777086e-02  -7.5282239e-03   1.7365206e-02  -2.9452462e-02   1.6573741e-02   2.4238608e-01  -7.8642086e-03   8.2513442e-04  -3.9394852e-01  -3.8051899e-02  -8.5589071e-03  -8.1116980e-03   2.1282694e-02  -1.2097539e-04   2.3818178e-02   2.6956165e-03   2.1326531e-02   2.4840136e-01  -3.1096277e-02   1.5883564e-03  -3.9683243e-03
  -1.4846951e-02   5.5670213e-02  -9.3704429e-03   1.3054846e-02  -1.2289077e-01  -1.4380229e-02  -4.8975210e-02   5.0515762e-02   5.9953904e-03  -5.8761162e-02   3.0991960e-01  -1.9682894e-02  -2.6943434e-02  -2.6619592e-02  -6.0138072e-02   1.6338692e-02   4.1004649e-02  -1.8538233e-03   6.9619131e-02  -1.5036237e-01  -6.3302308e-03  -1.3153042e-01   4.3420767e-02  -1.4259679e-02  -4.1712668e-04   1.3380989e-01  -5.9229485e-04  -2.5541565e-02  -1.4471714e-02   3.8406600e-03  -1.7990446e-02   2.9919667e-02  -1.0441127e-02  -7.5008045e-04
   1.4802234e-02  -1.2009692e-01   8.1644593e-04   1.4971753e-02  -1.4679940e-01   1.1919193e-02   2.9645701e-03   6.2596867e-02  -1.5040163e-02  -2.7059713e-02  -1.3220749e-02   6.5117958e-02   1.1883318e-01   1.0797839e-02  -8.2930008e-03  -3.0378686e-02   3.4319477e-02   5.9376217e-02  -2.6730150e-01  -1.6170714e-02   6.3962480e-02   9.3761109e-03  -1.7298154e-02   1.8215826e-02  -4.5605275e-02  -1.6340450e-02  -2.3104476e-03   2.1037371e-01   7.7256754e-02  -1.2237249e-02  -2.6311029e-02   1.4350230e-02   1.1767831e-02  -2.2347557e-02
  -6.2273361e-03   4.9853054e-02   2.1576011e-03  -5.4617272e-03  -1.4164435e-02   6.1842153e-03   4.7102773e-03  -1.7071123e-02   4.5763623e-03   9.5624286e-03  -1.3808193e-02   1.0544240e-02  -4.1868187e-03  -5.6915015e-04  -1.3662084e-02   9.6534136e-03  -4.0068220e-03   2.2689252e-02   8.8561088e-02  -1.5011121e-02  -2.1580720e-01  -1.7493983e-03  -2.6627803e-02   9.1572546e-02   4.0355608e-02   2.7780106e-02  -1.0706628e-02   1.4159730e-02  -2.9596186e-03  -2.6395998e-02  -2.7832706e-02   2.0542554e-02  -3.1484535e-03   3.8764608e-03
   1.2112216e-02  -3.9249307e-03   7.2087045e-03   1.0327226e-02   2.5501505e-01  -1.6307455e-02  -1.1161888e-02  -1.2232541e-01   1.7190399e-02  -5.0356419e-02  -5.6906936e-03   1.9048876e-01   1.4423676e-01   3.9195521e-03  -2.2902770e-03  -3.8507336e-02   4.5350770e-02  -1.0835251e-03  -2.8924736e-01   1.9013490e-02   7.7039767e-02  -6.0530967e-02   4.3394314e-02   1.8811698e-03   2.2069538e-02  -2.5110813e-01   9.4813052e-04  -1.7934637e-02  -2.3099177e-02  -1.7905033e-02   6.6045276e-02  -1.5937737e-02  -2.8357375e-03   1.1945200e-02
  -8.2858961e-04   2.1728267e-02  -6.6907285e-03   3.2474091e-03  -1.5780891e-02  -2.5823894e-03  -4.2308403e-03   2.6972207e-02   8.0480415e-03  -5.2074584e-03  -2.3956735e-03  -9.4899350e-03   8.6259865e-03   9.1293860e-03  -6.0977384e-03   1.6185562e-03   6.6427662e-03   2.6771723e-03   4.8524127e-03  -1.2961287e-02  -1.4958103e-02   5.3218433e-03  -2.1973647e-02  -2.6604567e-02  -3.4747583e-02  -1.5055668e-02   1.7852106e-01  -5.8236707e-03  -1.0384745e-02  -3.2913051e-02  -7.1849576e-03  -7.9957383e-03   1.6258400e-03  -4.0631922e-02
   2.4676146e-02  -2.4913799e-02  -2.0221149e-03  -7.6643628e-03  -2.4770326e-01   7.0520049e-03  -3.2593793e-03   8.3107954e-02  -1.8441363e-02   7.0403694e-04  -4.0845016e-02   2.4120204e-02   2.5781121e-02   2.3163056e-02  -2.8903100e-02   1.6666831e-02  -9.9246935e-03   1.1408503e-01  -1.4790334e-01  -6.9592294e-02   9.4658670e-03  -3.2113361e-02   2.4511947e-01   3.5997432e-02  -5.8885471e-03  -1.0681383e-01  -5.4792117e-03  -7.9111391e-02  -6.2231515e-02   7.3894883e-03   2.7658792e-01  -9.9501204e-03   2.3210870e-03  -2.9263523e-03
  -5.1437019e-03  -8.7428672e-03   6.7555191e-03  -1.1326762e-02   4.1073935e-02  -6.0774473e-02   3.9749506e-02   3.4182290e-01  -4.0448929e-02  -2.8685106e-02  -5.7455927e-02  -7.7664961e-02  -4.7391651e-02   3.7027980e-02   1.7962782e-04   9.7471648e-04  -1.6853150e-02   9.2178343e-02  -2.5861764e-02  -1.0855639e-02   8.9247244e-03  -2.5283057e-02  -1.8260338e-02  -3.6363497e-03  -1.1524159e-03   2.2076391e-02  -8.4642942e-03   9.2511480e-03  -6.8694751e-03  -3.3617554e-04  -4.5765167e-02  -9.6485154e-02  -9.1845719e-03   5.4566923e-03
   2.3665300e-03  -2.3079813e-02   7.2221491e-04   9.5639219e-04   2.0097418e-02   4.5843162e-03   2.8003642e-03  -1.0012335e-02  -8.0312090e-03   2.7379806e-03  -4.5035768e-03   2.3840055e-03   1.6094244e-02   1.1106804e-02  -4.6569847e-03  -1.8940923e-03  -2.7985481e-03   3.6407002e-02  -4.5584955e-02   1.5507015e-02  -4.1238680e-02  -2.0375330e-02  -3.5283407e-02  -4.5752378e-02   1.7426332e-01   8.2282692e-03   1.8287134e-03   1.1991365e-02  -1.9083709e-02   1.3081254e-02  -3.9230386e-02  -5.4851747e-03  -2.7203733e-03  -2.2266287e-02
   2.4512380e-02  -4.4615077e-02   1.0062462e-03   1.7293323e-02  -2.0413362e-01   1.1149283e-02   3.0030537e-03   1.4519269e-02  -3.0629944e-02  -5.3891806e-03  -1.8750294e-02   2.4837727e-02  -9.9497816e-02   1.3243618e-02  -1.3856799e-02   1.3119977e-02  -6.2759726e-03   3.5615898e-02  -3.6570764e-02   7.8386715e-03   6.6252080e-03  -4.5764835e-02  -7.4453868e-02  -1.5046674e-02   5.8642977e-03  -9.7287262e-02   8.6571898e-04  -1.9827508e-03  -6.4895159e-04  -1.6608267e-03   6.6455865e-02   4.4374767e-01   2.8934060e-03   4.4927417e-03
  -1.9526048e-02  -2.6570503e-02  -1.0227701e-02   2.9715013e-03  -3.1796711e-02  -1.5870595e-03   2.2253499e-02   1.8343651e-02  -8.4428370e-03   1.2589197e-02  -1.1938303e-03  -2.0997294e-02   4.2640074e-03   4.6132670e-04  -4.6007868e-03   6.8251182e-03  -4.3963072e-03   1.1857151e-02  -1.4473927e-02  -4.8026627e-04   6.9024393e-03   1.6199928e-02  -3.8087535e-03   7.5979222e-04   2.3534600e-02  -1.4905108e-02  -8.0739388e-03  -1.3148529e-01   1.9966011e-01  -2.8529211e-02   5.4344512e-03   6.3025131e-04   5.8385024e-04   8.4690265e-04
  -9.3363234e-03   5.1448270e-02  -6.9709217e-03  -1.7975512e-03  -6.6944012e-03   1.2575050e-04   8.8758107e-03  -1.6461366e-02   2.2866016e-03   3.1323586e-03  -2.3564146e-02   9.4592338e-03   1.5567358e-02  -5.9596383e-04  -3.3003626e-03   6.4230974e-03   1.2844086e-02  -1.7601477e-02   6.1151643e-03  -1.0262071e-01   2.1005682e-01  -5.6507241e-02  -1.8827742e-01   6.7325704e-02   2.9263638e-02   1.0234591e-02  -1.6228130e-02   1.4254782e-02  -5.1306208e-03  -1.7206107e-03  -4.8123266e-02   6.5587893e-02  -4.8323820e-03  -1.2947554e-02
   1.0686226e-02  -5.1733101e-02  -3.4128975e-02  -1.7233673e-02  -3.6448729e-03   2.0678305e-01  -1.9412046e-02  -4.8107950e-02  -3.3906445e-02  -2.4932437e-02  -7.5211946e-03   8.4827976e-03   9.5102087e-03   3.8798737e-03  -4.0214461e-04   5.5847601e-03  -3.1510433e-04  -1.0486616e-02  -2.8725116e-03   1.1440088e-02  -3.9854437e-03   6.7400643e-04   1.4304654e-03   6.1457297e-04  -1.9995907e-04   5.3541763e-03  -7.5334576e-05  -1.6866159e-02   1.6870573e-03   2.0516810e-03   1.3029916e-02  -8.3105132e-04  -1.3118739e-02   3.6219023e-04
   1.8635418e-02  -2.1955740e-02  -3.7839729e-03  -3.9036315e-03  -1.0152754e-02  -2.3516785e-02  -2.1481535e-02  -7.5030751e-02  -2.4413600e-02   2.4437781e-01  -2.7925868e-02  -3.5689054e-02  -1.6495353e-02  -1.4077925e-02   4.0445015e-03  -4.8943410e-03   6.0334651e-03   2.7727616e-03  -1.9155203e-02   9.5762735e-03  -3.6955418e-03   1.1555757e-02  -9.3409332e-03  -1.2231635e-03  -8.5039299e-03   2.1251909e-02  -1.1725546e-03   5.1315635e-03  -4.8482162e-03   4.7668152e-03   1.5856105e-03   7.9163260e-03  -7.9989870e-03  -4.0015977e-03
  -1.0008749e-02  -4.3463176e-02  -1.1670048e-02   2.0741017e-01  -1.1003870e-01  -3.2250782e-02  -4.1491139e-03  -1.6478399e-02   1.2626132e-02  -6.3727874e-03   9.1155303e-03   1.9786323e-02  -1.5711191e-02   6.7458593e-04   2.6834882e-03  -2.7301074e-03   6.9329234e-03  -3.2057320e-02   1.2415132e-02   5.6091727e-03   4.1905893e-03   1.7918638e-02  -3.1517283e-03   7.7041438e-03   4.3305608e-03   2.2305077e-02  -4.6223652e-04  -1.3822325e-02  -8.8608356e-03   4.6444777e-03  -3.1485636e-02   1.0868147e-02  -1.4449699e-03  -3.0907649e-03
   6.6462360e-03  -3.3105397e-03  -1.7522828e-04  -8.3042959e-03  -5.1895202e-02   1.3438294e-02  -3.5715639e-03  -5.0665231e-02   3.2023790e-01  -1.6724002e-02  -7.6950139e-03  -5.4408660e-02  -5.5025898e-02  -1.0298321e-02   6.7179787e-03  -3.3578059e-03   6.9271926e-03   3.8333648e-03  -3.7781944e-02   6.1597778e-03   1.8558651e-02  -2.7659400e-02  -9.2160150e-03   1.5752156e-03   6.7503940e-03   2.4147635e-02  -2.8599389e-04  -4.3393377e-03  -1.6879186e-03  -2.8798067e-03   1.9724738e-02  -8.6061194e-02   7.5815572e-04  -3.4059501e-04
