   3.0833505e-01  -7.0010491e-02  -1.0449710e-02  -6.0291546e-02   3.8787666e-02  -3.8215570e-03  -5.4383541e-03   8.5454761e-02  -9.9810358e-03  -4.7464961e-02   4.3376763e-02  -2.8802523e-02   8.2513369e-03   2.4677095e-02  -2.0898783e-02  -8.5808483e-02   1.3869106e-03   2.4735729e-02   3.3667724e-02  -2.4265417e-02  -2.2569992e-02   1.1138360e-01   4.0025958e-02  -9.7158299e-05   3.0573853e-02  -1.7070374e-01  -2.3363298e-02   1.0362487e-02  -6.4243729e-02   1.6599454e-01  -2.5720196e-01  -3.7417550e-02   7.9930821e-02   1.2071913e-01
  -5.9274355e-02   2.1053124e-02   1.8020048e-02  -1.4449259e-01   1.6751336e-01   4.9209548e-02  -4.0407817e-03  -2.3840048e-01  -1.4779276e-01  -4.8050227e-02   3.4006126e-01  -2.1243651e-01   2.5633990e-02   2.2461269e-01   1.8076188e-01  -1.5604685e-01  -3.2653547e-02   4.3677910e-02   2.4897710e-01   1.5890229e-02  -6.6244912e-02  -5.2170455e-01   7.3994655e-02   2.9915495e-03  -3.4514633e-02   1.3262625e-01   3.9312441e-02   1.1131770e-02  -8.0246909e-02  -1.0787028e-01   2.0942777e-01   4.8389046e-01   1.1751359e-01   9.4409160e-02
   3.6842105e-03  -3.0681864e-02   1.8008669e-02   9.2272812e-02  -9.0922613e-03   1.9612664e-02   8.3310940e-05  -5.7983534e-02   4.5396300e-02   1.3461509e-02  -1.3593482e-01   7.1456461e-02  -4.8929844e-02   5.9862490e-02  -5.8234587e-02  -3.0148348e-02  -1.4515243e-02   5.4814281e-02  -4.4531116e-02  -1.6417246e-02   3.7592499e-02   3.3079966e-02  -4.7334850e-02   5.0311509e-03   4.4449454e-02  -5.1860097e-02  -5.8251709e-03   3.3352180e-02   1.7604613e-02  -6.4146227e-02  -2.4599299e-01   5.9675784e-02   2.6622137e-01   1.0930025e-01
  -9.6284562e-02   6.4984239e-02  -3.8796722e-03   2.0472637e-02   3.5338384e-03  -9.2709844e-03   2.0282054e-03  -5.2924077e-03  -3.3062217e-02  -1.7679878e-03  -2.7227476e-02   5.4197740e-02  -3.5767075e-03  -2.4875747e-03  -2.6203351e-02   3.9994602e-02  -1.5109327e-02  -2.0626349e-02   2.8155134e-02  -1.2132433e-02   2.1290786e-02  -3.1642537e-02  -1.2767882e-02   5.8274776e-03   2.6243019e-02  -2.4746199e-02  -1.8210053e-02   4.9275103e-02   1.6871401e-02  -1.6638571e-01   3.9299121e-02   2.8115529e-02  -7.0103794e-02   1.6008954e-01
   1.2977915e-02  -1.3444507e-02   7.5523111e-03  -4.6482895e-02  -1.9570966e-01   4.5393226e-02  -3.1338694e-03  -2.0200628e-01   3.3003824e-01   5.6900174e-02   6.5383385e-04  -1.6143127e-01   3.9058493e-03  -8.8134238e-02  -3.1206665e-02   2.7761873e-02   9.5253825e-03  -1.5676610e-01   1.0742374e-01  -3.6258021e-02  -3.5997280e-03   2.8127285e-01  -1.7898751e-01   1.8832158e-03   2.4557519e-02  -5.1867779e-02  -2.3466790e-02   1.3125219e-03   3.8997154e-02  -8.1417354e-03  -2.8481353e-02   2.6768492e-01   1.7468264e-02   1.0205059e-02
  -1.0798714e-02  -2.5197922e-02  -2.4410833e-02   1.3632283e-01   4.7892945e-01  -1.5396328e-01   5.5385774e-03   4.6434864e-01  -2.6887555e-02  -1.8833975e-01   1.9864732e-02   2.8344500e-02  -1.4792614e-03  -8.6004404e-02   2.0484717e-02  -3.1879998e-02  -5.1956851e-03   6.0333862e-02   1.8616823e-02   1.4056669e-03   1.3339288e-02  -6.2462039e-02  -2.7746074e-02  -1.5150410e-04   2.9408561e-02  -1.4988034e-01   1.6547456e-02   1.4028215e-02  -1.5705735e-02  -1.1644356e-02  -2.3983617e-01  -2.0660510e-01   7.8596842e-03   1.7705665e-02
   1.8348416e-02  -1.5786840e-02  -2.2860007e-03   7.0172998e-03   9.5799056e-03  -2.1465572e-03  -1.4011363e-03   3.3130460e-02  -1.4039433e-03  -2.8418148e-02   2.2515786e-02  -1.7443924e-02   5.4125884e-03   1.0209397e-02  -5.9128074e-03  -1.0051652e-02  -2.5232856e-03  -5.6104647e-03  -2.6434134e-02  -2.1562761e-02   8.6444913e-02   2.0075400e-02  -4.5032316e-02   1.9213210e-01  -2.2700903e-02  -3.5074007e-02  -1.8623222e-03  -4.0587759e-02  -4.8362016e-03   2.3892495e-02  -3.8583908e-02  -1.5849680e-02  -6.4683988e-03  -3.1368025e-02
   1.2646185e-02   1.5768588e-02  -6.6065922e-04   3.2847597e-03  -5.9641779e-02  -8.3131029e-03   2.0131633e-04   3.9497902e-02   1.1695178e-02  -1.4735331e-01  -5.3035520e-02   5.3460567e-01  -3.6035958e-04   5.8943043e-02  -6.0090428e-02  -4.5794421e-02   6.2357667e-03  -3.5137134e-02  -3.7144757e-02   4.2095223e-03  -9.3436741e-03   5.1145388e-02   4.5877595e-02  -2.0481812e-03   4.1327260e-03  -6.6813348e-02   2.6668392e-05   3.7181166e-03   1.5977633e-03   2.4810016e-02  -6.9387045e-02  -1.8752375e-01  -6.1418697e-03  -1.5898241e-03
   9.9427891e-03   2.4423262e-02  -9.9137457e-04   6.4853114e-03  -2.9831448e-02  -4.0875959e-03   1.4078803e-04   2.2954573e-02  -1.6753425e-02  -7.3731278e-03   1.3940547e-02   1.1482989e-02   1.6991859e-03  -2.1361224e-02   8.8151988e-03   1.9552220e-03  -2.1026057e-03  -2.8583669e-02   6.4999553e-02   3.0115502e-03  -5.5068093e-02   3.4085619e-02  -9.0196437e-02  -3.2955644e-02   2.9806144e-01  -4.4422574e-02  -1.5067671e-02  -9.6468994e-02   1.5549120e-02  -2.2056084e-02  -1.3795218e-02  -1.7417816e-02  -2.2062464e-03  -2.1398739e-03
  -9.2285914e-03   3.0958368e-02   6.1319929e-03  -1.5528648e-01   7.4992684e-01   1.9542886e-02  -8.7422000e-03  -1.7418277e-01  -1.5194262e-01   1.0221013e-02   1.4609885e-01  -1.1833470e-01  -4.1852269e-03  -4.3026902e-02   1.2061286e-01   3.7987544e-03  -1.3321012e-03  -1.1379191e-01   1.4393028e-01   1.7834251e-02  -4.9490312e-02  -4.4393740e-02   3.8475073e-02  -5.7310968e-03   7.2891289e-03   3.9279832e-02   6.5718762e-03  -4.4963039e-03   8.0722269e-03   1.7046844e-01  -7.8537465e-01   1.7199219e-01  -2.4358768e-02  -2.7887428e-02
   5.6582073e-03   1.5356628e-02   1.5102241e-04  -1.5295432e-02   2.6408360e-02  -3.3456357e-03   2.5820386e-03   2.0809637e-02   2.3503431e-02   6.4367010e-02  -6.5326266e-02  -1.9080138e-01  -2.0162214e-02  -4.9973547e-02   3.3676469e-02  -2.9662048e-02  -7.6139888e-02   2.9161142e-01   1.4861313e-01  -4.8038499e-02  -3.5979594e-02  -8.6247629e-03  -7.2330678e-02  -2.4355300e-03   2.1260254e-02  -1.8677581e-02  -1.5178979e-02   3.4419248e-03   9.7016142e-04   1.5107106e-03  -3.2409428e-02   9.5304449e-03   3.3618756e-03   3.1688320e-03
   7.2923451e-04   3.3525407e-03  -2.5777907e-02  -7.4048546e-03   1.0476064e-02   5.2260482e-03   1.6883764e-01  -8.7230889e-03   7.8846971e-03  -5.0755739e-02  -2.8283138e-02  -7.6327253e-03  -1.0949814e-03   8.3956335e-03   6.3516919e-03  -6.1993885e-03  -2.2784380e-03   4.4793406e-03   5.5885806e-03   4.0472606e-03  -1.0508720e-02   5.1141109e-03   7.6896421e-03  -1.3600952e-03  -3.2272693e-04   1.5157794e-03   1.4667122e-03   1.1461053e-03   9.1588941e-04  -3.0961468e-03  -3.0564592e-02  -8.8285950e-03  -1.2776503e-02   3.3918269e-03
  -5.7089694e-04   4.4178780e-02  -3.3088873e-03  -4.9082272e-03   3.5094102e-02   1.0679515e-03  -3.7312090e-03   4.7548141e-03   5.8959300e-03  -3.1435433e-02   5.5613007e-02  -2.6075522e-02  -4.3943706e-03  -1.5114602e-02   3.5626461e-02  -5.4407562e-02   4.2995456e-02   8.5823433e-03   4.1585276e-03  -2.0167951e-01   3.2538533e-01  -7.7345148e-03  -6.6268230e-02   1.0735286e-02  -6.4241949e-02   3.0300768e-02  -6.9612309e-03   7.0208233e-03   6.4196006e-03  -3.5816047e-03  -7.4213559e-02  -3.5552651e-02  -1.9225801e-03  -4.1717970e-03
   9.9047462e-03  -1.0173869e-02  -3.9858402e-03   7.2845232e-02   6.0309007e-02   2.3405817e-04   2.1174726e-03  -6.1974221e-02  -5.4404035e-02   4.1636673e-02  -1.0873880e-01   7.8697935e-02  -1.2823385e-02   1.0076081e-01  -1.1500055e-01   4.1241844e-02  -3.7066150e-02   1.1937834e-01  -2.1346120e-01   5.1472640e-02  -1.2049430e-01  -7.9198725e-02   5.5366147e-01  -9.1887397e-03  -1.2154085e-01   3.3914855e-02   1.9200117e-02   8.1718835e-03  -1.5171545e-02   5.6026745e-03  -2.0788503e-01  -4.3433812e-02   2.3232521e-03   1.2390300e-03
  -1.1037179e-03  -1.1984405e-02   5.4354541e-03  -1.0307932e-02   2.9441128e-02   8.9972542e-04   2.2561453e-05   1.1249801e-03   1.7635031e-02   7.7702386e-04  -3.4856073e-03  -1.7044387e-02   2.8621880e-03   1.3197928e-02  -4.4006420e-03  -5.0799292e-03   1.5000845e-03  -6.6982952e-04   9.3594026e-03   3.4320682e-03  -1.1027610e-02   7.7565939e-03  -1.8986557e-02  -2.7507821e-02  -2.7329368e-02  -4.2427429e-02  -1.2253689e-02   2.5155559e-01  -8.8309290e-03  -3.9750575e-02  -3.2499105e-02  -2.4400426e-03   1.1920013e-03  -5.6330515e-02
   3.0541350e-03  -2.2403811e-03   1.0071254e-04   2.7592244e-02  -3.1570938e-02  -1.6014165e-02   4.4932718e-03   6.7990872e-02   2.1751234e-02   7.1221573e-03  -3.2166948e-02  -5.5616338e-02  -9.8684671e-03  -1.2622233e-03  -1.4728751e-01   4.0358542e-01   6.8404649e-02  -1.1498295e-01  -5.6383114e-02  -3.5580174e-02   1.0356936e-02   1.2175055e-01   8.0531841e-03   6.5040217e-04   7.2582987e-04  -5.9140687e-02  -5.8487397e-03   8.9256187e-04   9.1325420e-03   6.0453153e-03   3.8131453e-04  -7.4343773e-02   1.5132911e-03  -3.0618780e-03
  -3.5616309e-02  -2.2954469e-02   1.9723531e-01  -3.8384403e-02  -2.4141113e-02   3.6845766e-02  -1.5461849e-02  -1.6847307e-02  -2.7661352e-03  -1.8285726e-02  -2.0474317e-02   1.7162963e-03  -4.0247340e-03   1.6176850e-02   8.3252681e-03  -8.7293276e-03   2.0906742e-03  -7.2544625e-03   8.7754846e-03  -1.7704659e-03  -3.3121315e-04   1.1563358e-02  -6.4684739e-03  -1.4281261e-04   2.7283010e-03  -5.9385126e-03  -6.5225878e-04   8.9357988e-04   8.7507417e-03  -2.3844887e-02  -3.8032555e-03   2.3661871e-02  -5.3830890e-02   8.1432041e-03
  -4.2831409e-03  -9.6407883e-03  -2.7869216e-06   2.3322614e-02  -4.6085589e-02  -9.2018375e-03   3.5713291e-03   3.3502994e-02  -1.3966137e-02   7.3311308e-03  -3.5508328e-02  -8.9057301e-03   7.0744997e-03   3.8841029e-02  -2.0896883e-02   3.2035833e-02  -6.0378284e-02  -7.6572151e-02  -6.7189502e-02   3.1695790e-01  -4.5444840e-02   3.6890847e-02  -3.8385627e-02  -2.3102534e-02   1.2689217e-02  -3.1238659e-02   1.5633960e-03  -7.8284279e-04  -9.3097909e-03   1.1945688e-02   2.7448090e-02   1.5900662e-02   3.4687934e-03  -6.5220339e-03
  -3.9186318e-03  -9.0088584e-03  -7.8850149e-03   4.0367153e-03  -1.1930888e-02  -4.0050636e-02   3.1752445e-02  -2.2375885e-02  -1.3572448e-02   3.5206898e-01  -7.3154546e-02  -1.7853216e-01  -1.3667942e-02   3.1325036e-02  -5.4422965e-03  -6.6755195e-03   2.6221445e-04   1.2572856e-02   8.6542281e-03  -2.0472694e-03  -2.6444362e-03   1.5593979e-02  -1.4973217e-02  -1.1892068e-04   5.7884322e-03   1.4612155e-02  -1.8834838e-02   1.8773433e-03   2.0759718e-03   5.9723294e-03  -2.3318061e-02   1.4880516e-02  -1.1784040e-02   4.9569601e-03
   3.6264137e-03  -1.2817490e-02  -4.6039942e-02  -4.0026127e-02  -1.9428874e-02   2.3696731e-01  -2.3652764e-02  -8.4441481e-02   1.0663765e-02  -3.7610603e-02   2.8083377e-03   5.1907376e-03   8.4323804e-04   3.8398640e-03   5.5593850e-03  -1.0884378e-02   6.5240189e-03  -1.0441355e-02   1.4349961e-02  -5.5841448e-03  -4.6810910e-04   1.9821722e-02  -9.3547084e-03   1.7843313e-04   1.1438019e-03  -1.4214616e-03   6.2151755e-05  -1.1629271e-04   2.6611900e-03  -4.2546885e-03   9.4815748e-03  -6.5123983e-03  -4.8705225e-03   1.7378327e-03
   1.4107060e-02   2.2799099e-02   8.4574156e-03  -6.8312908e-02  -2.7511030e-01  -1.6127547e-02   2.9134598e-03   2.5992132e-01  -7.8239406e-02  -6.7970754e-02   3.9332885e-02  -1.0361793e-02   8.8522580e-03  -1.6936034e-02   9.6283565e-03  -8.9994799e-03   4.5900051e-03   2.4471260e-02  -5.0352741e-05   1.6835405e-03  -7.5858761e-03  -1.4546941e-01   8.7445416e-02  -9.5239212e-04  -1.0434111e-02  -7.4178245e-02   2.5651121e-03   8.3543226e-04   1.9625118e-02  -1.6520621e-03   2.9327798e-02   2.4497609e-01   7.9072894e-04  -4.2250590e-03
   1.6793026e-02   8.1026269e-03   1.7280926e-04  -2.5980003e-02   4.8023952e-02   1.7264350e-02  -3.2589388e-04  -8.6795161e-02   7.8629342e-02   8.1193403e-03  -4.6736911e-02   6.8547251e-02  -8.6766391e-03  -3.7755766e-03  -7.6115288e-02   8.0425907e-02  -3.1192887e-02   2.9282271e-02   5.9875749e-03   5.0285360e-03   2.1327099e-02  -1.8043123e-01  -4.6449876e-03   1.0934990e-03   2.9093135e-03   6.5908646e-02   1.0394611e-02  -1.6078759e-03  -1.5036313e-02   2.7745895e-03  -8.2937906e-02   8.0110482e-02  -5.9032927e-03  -3.7553343e-03
  -2.2562556e-01   3.3082739e-02   1.6060244e-02   2.1022369e-02  -2.3483916e-02  -3.4721523e-04  -2.9443657e-04   2.2602362e-02   4.0965816e-02  -1.6353036e-02   1.7708879e-02   2.7594915e-03  -2.6981093e-03  -1.8492990e-02  -1.6294293e-02   9.2445084e-03  -8.0507693e-03   1.9259345e-02  -6.0828483e-03   5.8464667e-03  -5.2600111e-03  -1.3063119e-02   7.9760074e-03  -8.2355541e-04  -5.0099635e-04  -1.5626727e-02   7.0493008e-03  -2.5346051e-02   9.4489710e-04   2.3377524e-01  -3.2503116e-02  -2.0048212e-02   2.1618248e-02  -8.4701273e-03
  -4.8519001e-02   2.7441232e-01  -1.3909865e-02  -2.2660088e-02  -4.9822442e-02  -1.5209875e-04  -2.5620300e-04  -2.6730335e-02  -4.2606392e-02   1.1565177e-02  -2.6474486e-02   3.0105510e-02  -3.5516371e-02   2.0939863e-02   2.6094054e-03  -1.3961368e-03   9.8884790e-05  -1.4595732e-02   3.1926108e-02  -1.5762255e-03  -7.1238608e-03   1.5491207e-02  -5.1471268e-03  -9.3522703e-05   7.7441837e-03  -2.4130392e-02  -1.2208761e-02   8.0076691e-03  -1.3423593e-02  -3.1136675e-02  -9.9763246e-02   7.7455752e-02  -8.7541689e-03   1.9078961e-03
   1.4965329e-03  -8.6301074e-03  -1.6784005e-03   3.1292222e-02  -1.5263725e-02   1.0293586e-03  -5.3232540e-03  -9.0898063e-03   1.9028228e-02  -3.5954300e-02   1.8692457e-01  -7.5178107e-02  -3.4650300e-03   4.4919076e-02  -2.3118388e-01   1.0281629e-01  -3.0691399e-02   1.5645030e-02   1.1012834e-02   6.1441404e-03  -5.9230698e-03   3.1203236e-02  -1.1790122e-02  -5.4828080e-05   2.9808927e-03  -1.5701134e-02  -2.9233262e-03   2.8972434e-03  -5.5925724e-04  -1.4086212e-02   3.0490959e-02  -7.2296186e-03   1.4866007e-03   4.7760625e-03
  -2.0926136e-03   4.4312518e-03   2.6062688e-03  -1.9065320e-02   3.5074705e-02   1.9241788e-03   4.1838280e-04  -9.4922746e-03   1.7138685e-02   6.0511958e-03   1.2877054e-04  -2.7925238e-03   9.4843126e-03  -9.6253587e-03   2.1267188e-03  -2.7999142e-03  -2.2520995e-03   1.2039403e-02  -1.1166935e-02   1.3205210e-03   4.9192932e-03  -1.9523033e-03  -1.3789700e-02   4.3525824e-04  -9.3835252e-04  -1.2011708e-02  -1.7155833e-02  -1.6556096e-02   2.8318161e-01  -1.0473164e-01  -1.3908051e-01  -7.1021379e-03   1.2511937e-03   2.4034030e-04
  -9.1792401e-03  -3.1214667e-02  -4.0111940e-04   1.2643827e-02   1.0547481e-02  -5.4817246e-03   8.5866986e-04   2.6650893e-02   2.4728398e-02   2.2546936e-02  -4.5073117e-02  -1.8233851e-01  -2.1684462e-02   2.2469767e-01  -4.1337141e-02  -3.0083583e-02   2.6872116e-02  -3.8902893e-02   2.8389789e-02  -1.2283810e-02   1.0064494e-02  -8.4347560e-03  -2.1984001e-02   2.2831604e-04   8.1220315e-03  -3.5160561e-02   7.2658338e-03  -6.5232489e-03   1.0026768e-02   2.3438406e-02  -2.1312351e-03   3.0581773e-02  -7.6849073e-04  -4.9044851e-03
   1.4250651e-02  -1.7527445e-02  -1.0723126e-02   1.4878938e-01  -1.5045219e-01  -1.1800204e-02  -1.9034743e-03  -7.0448804e-03   1.8554349e-01   4.7586515e-03   4.5679289e-02  -1.4224828e-01   1.3556627e-02  -8.8249139e-03   5.4766490e-02  -3.1403046e-02   1.7730826e-02  -4.6521141e-02   9.9765147e-02  -7.1293696e-03  -1.8776371e-02  -1.0721184e-01   4.9284810e-02  -3.2804074e-04  -9.7774554e-03   3.9542475e-02   2.8267336e-03   3.7384751e-03  -7.9683413e-03  -1.5681851e-02  -2.9809810e-02  -4.6278703e-02  -4.1987542e-03   2.1903927e-03
   5.3784488e-03   2.0814552e-02   2.6601647e-03  -1.4209414e-02  -4.3465090e-02  -1.0086554e-02   1.9166221e-03   9.8546827e-02  -2.7323970e-02  -1.6684817e-02  -2.5998215e-03  -2.0403600e-02   2.0535706e-02   1.9485671e-02  -1.3823283e-02   6.7759610e-03  -5.1032148e-03  -1.7683479e-02   1.9323539e-02   2.4615030e-03   3.3069814e-03   4.1824595e-02  -1.0165016e-01  -1.0417146e-04   2.2228913e-03   2.6923383e-01  -2.0055261e-03  -5.3203573e-03  -7.9682578e-03  -2.9342810e-03  -1.3039533e-01  -9.2270086e-02   3.5243988e-03   2.1184758e-03
   3.3491128e-03  -8.3725990e-03  -1.3356056e-03   2.1657067e-02  -3.0244394e-02  -5.4403626e-03  -3.4480068e-04   3.0905614e-02   1.0017684e-02  -8.6635409e-04   4.2505912e-03  -6.4822573e-02   3.3631685e-03   1.5891116e-02  -4.3652482e-03   1.8322701e-01  -1.8384312e-01   2.4151288e-02   3.3455443e-04   9.5554522e-03  -2.1613457e-04   2.2471747e-02  -2.5734322e-03   4.8101971e-04   1.0683844e-03  -1.3759172e-02  -4.0184648e-03   1.8608612e-04   2.1836447e-04   2.4405494e-03   1.0663497e-02  -1.3112582e-02  -5.0500920e-03  -2.4696877e-03
  -4.2393617e-03  -9.6136452e-02  -1.1817371e-02   2.0647094e-01  -6.2611689e-02  -1.5887873e-02  -5.2891354e-04  -5.0995923e-02  -9.9176456e-02   9.9345100e-03  -3.3637162e-02   1.0435343e-01  -4.3300176e-02  -1.7065036e-02  -1.2491076e-03   1.0123309e-02  -4.6593700e-03  -5.3180355e-03   4.5126305e-02  -1.3878648e-02   7.0401813e-03   9.7279585e-03  -4.5070638e-02   1.2979321e-03   8.2393380e-03  -1.5860785e-03  -7.6493112e-04  -3.0515226e-03   9.8236145e-03   2.0433050e-02  -3.8961151e-02   1.1583418e-01  -1.4046758e-03  -2.4865405e-03
  -1.4426247e-02   1.5691505e-02  -4.4662967e-03   4.6066941e-02   2.1243654e-02  -7.1591003e-03   7.1943194e-04  -5.7697004e-03  -8.1342003e-02   2.2219594e-02  -9.4404052e-03  -4.2806123e-02   1.5704085e-01   4.4322631e-03  -1.0711814e-02  -6.3829292e-03   8.2777686e-03  -1.2955662e-02  -5.6141549e-02   7.4693581e-03   7.9841197e-03  -3.0606429e-02   1.3501827e-02   9.7386085e-05   3.5549392e-03  -4.1867756e-02   3.0758342e-03   1.7906939e-03  -1.5835677e-02   1.6942532e-02  -3.3480201e-02   3.6820973e-02  -1.0678377e-03  -8.7124281e-05
   3.1229881e-03  -4.6834670e-03  -4.3780666e-03   6.6499388e-02  -3.6094120e-02  -3.3834197e-03  -1.3060781e-03  -2.1024048e-02   4.6753157e-02  -2.7887529e-05   2.0835167e-02  -3.0017239e-02  -1.3458763e-02  -2.7430669e-03   3.0219964e-02  -3.2065830e-02   7.0230129e-03   9.4656881e-02  -2.0785922e-01   2.1672938e-02   2.3478264e-02   8.6431202e-02  -7.8952100e-03  -1.7006258e-04   1.3227264e-03   2.7711743e-02   6.8682407e-03  -1.0052117e-03   8.9901205e-03  -2.5795145e-03  -6.9114840e-02   4.2316498e-03  -2.6739019e-03  -7.6908399e-04
   9.5176329e-03   1.0826994e-02   6.2365152e-04  -7.9145656e-03   2.4166466e-03   1.0667496e-03   6.1928018e-04   1.0263470e-02  -3.6330257e-03   1.9660656e-03  -1.3788556e-03   5.0103127e-03  -1.0837647e-04  -1.3218902e-02   5.1853064e-03  -4.2599082e-04   3.9473241e-04  -1.8680518e-03   7.3346323e-03  -2.8259358e-03   1.7732268e-03   1.3144710e-02  -2.5363826e-02   1.0309057e-04  -1.4808229e-02  -4.5017376e-02   1.7678254e-01  -1.7069815e-02  -2.7222739e-02  -2.0885610e-02  -7.1761371e-02   7.4724389e-03  -1.1459214e-03   8.3451993e-04
