   1.6615355e-02  -4.5947411e-02   2.5717981e-02  -8.2839033e-02   7.8781533e-03   8.0258156e-02  -5.2291194e-02  -1.2811924e-01   4.7039849e-02   1.5395006e-02   2.9671267e-02   9.3130929e-02   2.3086704e-02   2.5373591e-02   6.4572804e-03  -4.7590663e-02   3.8060106e-02  -7.3050032e-02   7.2459283e-02   1.0602415e-01  -2.5721909e-01   4.5842877e-02   2.4577149e-01  -3.4973246e-03  -4.7462687e-02  -2.0346219e-01  -2.9937662e-03  -2.4427304e-02  -2.1054375e-01   6.9148606e-01  -1.7902271e-01  -4.3216289e-02   2.2681884e-02  -4.9695850e-02
   5.1349481e-04   9.0680589e-02   1.1094911e-02  -7.7856924e-02  -1.3576760e-01   6.2943800e-03  -2.8713490e-03  -7.4929414e-02  -3.3129694e-02   2.4477849e-03   2.0044126e-02  -1.3615690e-02   4.8212923e-01  -2.7386290e-02  -3.1313241e-02  -3.1306486e-02  -6.4320867e-02  -1.6623402e-02   1.3539995e-01   6.3547757e-02  -2.7685904e-01   2.2821297e-01   5.8686879e-02  -3.1431593e-02  -1.2592805e-01  -1.6013385e-01  -1.7705295e-03   1.7893019e-02   1.1983531e-01  -1.3387150e-02  -5.5899940e-02  -1.4337462e-02   1.1386869e-03  -6.1688261e-04
  -5.0769555e-02   4.2526868e-02  -3.9658873e-03  -1.5416047e-01  -2.0952693e-01   3.0915838e-02   5.9444334e-02   7.9171286e-02  -5.4207987e-02   1.5849080e-03  -4.7793930e-03  -3.4313158e-02   4.2849860e-02   7.8976569e-02  -3.7730135e-02   5.0359346e-02   4.2003766e-03  -6.3369282e-02   8.9142940e-02  -3.7461324e-02   2.8697925e-03   6.0980060e-02  -9.8668510e-02  -3.5589592e-02  -6.8542968e-02   6.2394084e-02  -2.7743732e-02   3.6904579e-02   1.0844738e-01   2.6972149e-02  -1.4617247e-01   5.2425542e-02   1.1907579e-01   2.2675728e-01
   1.8398889e-02  -1.0825148e-01   4.6951926e-02  -1.6414843e-02   1.1235853e-01   1.0440243e-01  -7.7432839e-03  -2.6889435e-01   5.7966772e-02   3.1839449e-02   2.4198384e-01  -1.0527762e-01   5.2195683e-02  -5.6240058e-02  -3.3800682e-02   6.3315880e-02  -1.1244450e-01   1.2027879e-02  -3.0145272e-02   9.0322998e-02   9.6147907e-02   1.8348795e-02  -1.0750864e-01  -9.4984992e-02  -1.1406117e-02   1.9628283e-02   3.7497739e-02   3.8456965e-03  -2.4724126e-02  -2.1550507e-02   5.2090444e-02   2.8812226e-02  -7.5183539e-03   3.6887961e-02
  -7.0357866e-02  -1.1120522e-01  -1.0094258e-02  -5.0004321e-02   4.3233004e-01   2.5073924e-02  -3.9853045e-02   5.2611303e-02  -4.7208991e-01  -1.9463391e-02   1.3805546e-02   4.5077711e-03   1.2331389e-01  -1.8904410e-03   5.8988156e-02  -7.7006792e-02  -7.7185441e-03   7.0611284e-03   3.7051693e-02  -1.6327159e-01   5.6399200e-02   1.5797290e-01   6.4820725e-02   6.8231378e-02   2.7077308e-01  -5.5357106e-01   3.6013567e-02  -2.8595523e-02  -7.3390750e-01   5.5030835e-01   1.4418527e-01   9.8082906e-02  -4.2386541e-02  -1.1928079e-01
   4.0902040e-02  -1.8714991e-02   5.3289967e-02  -8.8368620e-02   2.3327384e-02   1.4392931e-02  -3.8949753e-02  -3.8133978e-03  -6.4457383e-02   3.1991794e-05   1.5241223e-02  -1.0832647e-04   5.0996551e-02  -7.2935614e-04   5.3568798e-03  -4.5773989e-03   2.7800271e-03  -4.1005155e-03  -2.9772344e-02   1.4013499e-02  -2.2227792e-03   3.9504351e-02  -5.8871852e-02  -9.0780857e-04   9.9128995e-02  -1.4237211e-02  -3.1475000e-02  -3.1120871e-02  -3.9961227e-03   1.1749660e-01  -4.6400498e-02   3.8462451e-02   1.3075704e-01  -1.5253320e-01
  -2.4476709e-02  -5.4062174e-02  -9.3111860e-03   3.6381925e-02   8.1432697e-02  -4.0986227e-02   8.3353405e-02  -5.3892515e-02   4.8485833e-02   3.7716864e-02  -8.3607718e-02   3.4727945e-02  -1.1200997e-01   4.9494460e-03   2.8422497e-01  -7.8130567e-03   2.5184639e-03   3.0958429e-02  -9.5172595e-02  -4.9165163e-02   3.0850228e-02  -6.6517272e-02   6.9310917e-02  -2.0762257e-02   1.3347318e-01  -9.0792154e-02   3.1030642e-03  -1.6395530e-02  -1.0027724e-01   6.3917005e-02   4.9724069e-02   2.3052253e-02   2.3651631e-02   1.6679549e-02
  -8.7208568e-03   1.5457099e-01   2.1616989e-03   3.5073150e-03   5.3322821e-02  -2.5283153e-02   7.0189239e-02  -3.5111836e-02   7.8238760e-04   7.3554303e-02  -6.6877713e-03  -8.9889112e-02   3.2998456e-02  -4.1733278e-02   2.6646920e-03   4.0443230e-02  -9.6612838e-03  -8.9337853e-02  -2.4879224e-01  -2.6875261e-02   9.9762023e-02   1.9325570e-01   3.5408030e-01   4.9088541e-02  -6.4260844e-02   5.3675264e-02   2.9796703e-03  -4.8391659e-03  -3.6510363e-02  -3.1110227e-02  -3.2412541e-01  -3.6834087e-02   1.7654754e-02   1.9904481e-02
   1.0417310e-01  -1.5985476e-02  -4.3634446e-02  -9.0613584e-02   1.3894074e-01  -6.1557210e-02   1.3253022e-01   3.1232083e-02  -3.5812795e-02   9.6036571e-02  -2.0296665e-01  -5.6831718e-02   3.9996447e-03   1.7917003e-02   5.8603267e-02  -5.3813495e-02   4.4121773e-02  -1.1707818e-02   1.8089188e-02   3.9719954e-02   6.6284196e-02   2.0982836e-03   4.6785921e-02  -2.8630323e-01   1.4823931e-01  -1.8451541e-01   3.5261456e-02  -8.0015536e-03   5.7611060e-02  -1.1996123e-01   4.8629198e-02  -3.2501740e-02  -1.6266115e-02   2.1273031e-02
  -1.0301099e-02   6.5908754e-02   7.7683571e-03  -1.8990832e-01   2.6882675e-01   1.8548318e-02   2.3233532e-02  -2.6119485e-02  -8.8415735e-02   2.7537696e-02   4.6149588e-03  -3.7748173e-02   4.5050898e-02  -4.5611813e-03  -5.9752549e-02   5.8171455e-02  -1.2344207e-01   2.7776114e-01  -2.2640800e-02  -4.9014166e-02  -4.7452838e-03  -2.7670370e-01   1.1333244e-01  -3.4533957e-02   1.5134818e-01  -1.5605292e-01  -1.1385261e-01  -1.9189712e-02   4.6031515e-02  -3.0766874e-02   3.5162480e-02   1.4588032e-01   9.3107698e-03   3.0649481e-02
  -1.0476129e-01   1.1718488e-01   2.0972755e-02  -3.4105583e-02  -5.0385842e-02  -2.1506532e-02   1.4341564e-01   6.3375841e-03  -7.9610352e-02   6.4690810e-02  -3.4022438e-02   3.8555184e-03   3.6540089e-02   2.2998225e-02  -6.9488173e-02   8.3369569e-02  -5.0118836e-02  -5.5473661e-02   1.3591336e-01   3.2662652e-02   1.7128614e-02  -9.3782020e-02   7.4253185e-03  -1.2026051e-01  -3.6216608e-02   1.2516400e-01   4.7712666e-02   8.7786664e-03  -1.9773115e-01   1.3362058e-01   2.0138082e-02  -3.7607074e-02  -3.9534190e-03  -1.6496596e-02
   5.4571309e-02   1.2908145e-01   1.8725812e-02  -8.2606864e-02  -2.9087536e-03   6.9357211e-04  -1.2039180e-02  -5.2962062e-03  -2.0828246e-02   1.5115291e-02  -9.9720333e-03  -3.7716448e-02   1.3489317e-01  -1.9857280e-02   2.7905200e-02  -1.5587323e-02  -1.9103776e-02   2.7993319e-02  -4.1560960e-02  -4.1554906e-02  -6.9379406e-02   3.3016731e-02  -2.2966334e-01   3.8107260e-01  -7.4979343e-03  -5.2053246e-02   3.3199300e-02  -1.9208564e-02   1.7392455e-01  -1.7175951e-01  -1.2083418e-01   3.4389423e-02  -8.5082040e-03  -1.4615404e-02
   1.5721602e-02  -5.0163239e-02  -3.8507275e-02   5.3383640e-02   6.0937913e-03  -1.3223104e-02  -2.4691371e-02   2.0919081e-02  -1.3671358e-01  -2.3722147e-02  -4.4403790e-02   1.1164709e-01  -8.3674620e-03  -8.1988738e-03  -7.7539067e-02   2.3967180e-01  -1.0312075e-01   1.0199843e-02  -1.5537849e-01   4.9394548e-02  -5.2593237e-02   1.4532787e-01   7.7376245e-02   4.2455378e-03  -2.3061847e-02  -1.0243126e-02  -6.6922084e-02  -1.8567617e-03   1.8319835e-01   1.2398686e-02  -1.3519521e-01   1.1839791e-02  -8.9398495e-03  -4.1394439e-02
   1.3200929e-02   6.3004825e-02   7.0667650e-03  -3.8003667e-02   2.3064823e-01  -3.5997872e-02   8.4095272e-03  -5.2938548e-02  -1.0187985e-02   1.9449961e-02   4.9052054e-02  -5.8988427e-02  -7.0093087e-02   9.1526743e-03  -6.4041553e-02   1.3416355e-02   2.0979299e-01   5.0053865e-03  -1.0417092e-01   7.9010662e-04  -4.3390811e-03   1.1809782e-01  -9.5442240e-02  -5.8712867e-03   8.8267495e-02  -2.8272304e-02   3.6965498e-02  -7.0485172e-03  -1.0348325e-01  -3.6635917e-03  -1.0193965e-01   8.8358795e-03   7.7478582e-03   2.1681732e-02
   2.7325655e-02  -3.0359711e-01   4.0622900e-02   4.0865081e-02   1.5880660e-02   5.7826520e-02  -3.1136517e-02   2.0927907e-03   2.7546945e-02  -2.5716692e-02  -5.3550791e-03   6.7346682e-02  -1.0248382e-01   2.3511674e-02  -2.0391639e-02  -1.4178478e-02   4.1700170e-02  -7.4591127e-03   8.7055473e-02   6.4451244e-02  -3.3261311e-01  -9.1173116e-02   4.0695883e-01   9.9799688e-02  -1.3263808e-01  -9.2504997e-02  -7.1897686e-02   7.2830194e-04   1.4491451e-01   3.2519522e-02   1.1708725e-01  -3.3377028e-02   1.3345872e-02  -1.9665363e-02
   1.2031864e-02  -7.3584220e-02  -1.5727341e-02  -5.7708967e-02   2.2807635e-01  -1.5832435e-04  -2.1574164e-03  -5.2384962e-02   4.6441649e-02  -3.3435681e-03   2.4042443e-03   6.1401401e-02  -3.9868033e-01   2.9037861e-02  -5.1323785e-03   3.2866984e-02  -7.1199221e-02  -2.1601540e-02   2.8724455e-01  -2.4087547e-02  -6.2311458e-02   2.7107854e-01  -1.8756584e-01   2.6709177e-02   3.3663541e-02  -9.8190710e-02   7.1341799e-02  -5.0234328e-03   9.9220435e-02  -1.8571439e-02  -3.2711003e-02  -5.0318345e-02   1.2950742e-02  -3.6328939e-03
   3.5070497e-03  -1.5686835e-01   5.7161507e-02  -1.2356052e-01  -1.8755561e-01   3.7978093e-02   2.3748356e-02   2.9986117e-02   2.3776220e-02   1.4484860e-02  -2.9873116e-02   8.1929066e-03   3.7479435e-02   8.8402110e-03  -3.6106686e-02   4.7530514e-02   2.1866808e-02  -5.1677699e-02  -9.7831049e-02  -1.9100912e-02   1.2969517e-01   8.4355617e-02  -2.8575334e-02   3.7018117e-02  -9.1158677e-03  -2.6038141e-01  -2.4777711e-02  -1.6684865e-04  -3.5829884e-02   2.3340934e-04   5.6757269e-01  -1.1763876e-02  -1.1003368e-02  -2.9624380e-03
  -2.3435506e-02   1.5414955e-01   1.1571192e-02  -2.1661404e-02  -3.2465435e-01  -4.7574128e-03  -1.8739754e-02   2.2031469e-02   1.6286691e-01  -1.3279383e-02  -4.0524119e-03  -3.5441981e-02  -2.2312435e-01   1.7314417e-02   3.7638307e-02  -6.1652458e-02   5.9340158e-03   1.2770243e-01  -9.6446137e-02   1.7567299e-02  -1.5944061e-01   2.1683414e-01   4.1056368e-02  -4.6646607e-02   1.1630226e-01   9.2271905e-02  -6.3275975e-02  -1.2300731e-02  -1.0589830e-01   3.7156255e-03   1.2085974e-01  -1.2783785e-02  -5.4779892e-03   3.2365509e-06
   9.7934095e-03  -6.7979549e-02   1.4402868e-03   4.5137440e-02  -1.2455120e-01  -2.6128691e-03   1.4076150e-02   3.3180084e-02  -1.0270635e-01   3.6693238e-02   1.0119381e-02   6.2652354e-03  -1.3803577e-01  -3.0240695e-02   2.1158282e-02  -2.1950484e-02  -1.2784372e-02   6.5243525e-02   5.3039998e-02   3.4909962e-02   3.2825134e-01  -1.0868933e-02  -2.0226553e-02  -8.4261672e-02  -1.0007106e-01   6.1556811e-02   1.0949413e-02   6.3887186e-03   4.6807538e-02   1.8168438e-02   1.6569380e-03  -3.2988747e-04   1.0275935e-02  -1.6130010e-02
   2.7290264e-03  -1.1597363e-01  -2.2355803e-02   2.0354097e-01  -1.3248448e-01  -1.3916290e-02   2.9523159e-02   7.2904835e-03  -1.1806152e-02  -1.2083562e-02   1.8508881e-02   1.3144745e-02   4.9096441e-02   4.7724385e-02  -6.0407453e-02   2.4463541e-02  -1.9798107e-02   1.8307249e-02   2.0861846e-02   2.1817036e-02  -1.2350950e-01  -2.0048697e-02  -1.8549517e-01   1.8604156e-02   3.9070993e-01   2.8234433e-03   1.0080153e-02  -5.3823372e-02  -7.1187126e-02   2.4145218e-02  -5.0512375e-03   3.7883217e-02   9.4499897e-03  -3.1068628e-03
  -1.3876847e-02  -7.6126136e-03  -2.7738905e-02   1.1632674e-03  -6.1800666e-02   2.2930604e-01  -1.9537116e-02   2.9090184e-02  -5.0004642e-02  -3.2436908e-02  -6.0940343e-02  -3.1186038e-03  -2.4616389e-02   6.5655611e-03   1.7704118e-02   9.1889644e-03  -4.7087631e-03   1.3026738e-02  -2.8392157e-02  -5.1653899e-03   7.8229532e-02   8.3895234e-02  -1.3851968e-01  -6.7960450e-03  -6.6399957e-02   1.6578889e-01   6.6574118e-04   1.5175007e-02  -6.2919113e-02   2.7644527e-02  -6.8262005e-02   1.9735347e-03  -1.0183399e-02   1.1821912e-02
  -1.3066801e-03   1.2551920e-02   7.1063638e-03   3.1082946e-02   6.9031376e-06   1.6472773e-03   1.8816076e-04  -5.6056576e-02   4.1862527e-01  -2.1174750e-02   1.2659647e-03  -2.6361221e-02  -2.1470523e-01  -1.4012142e-02  -1.4551838e-02   3.1479774e-02  -6.7045134e-03  -7.3876928e-03   1.6873734e-02   1.1345132e-02   1.1913710e-01  -5.9922829e-02   4.5870141e-03  -1.7790553e-02   2.9613660e-02  -2.5204501e-01  -1.0766980e-02  -3.1880536e-03   1.0063841e-01  -1.9725493e-02  -8.8057674e-02   3.8628487e-02  -6.9467898e-03  -7.3942526e-03
   7.2122466e-03   5.8792594e-02  -6.3374123e-03   1.5965005e-01   4.1325697e-02  -2.8512673e-02   1.0559949e-02  -2.3624752e-02  -1.4997232e-01   2.1075832e-02   3.3221485e-03  -2.5846366e-02   2.9274525e-02   1.7050361e-02   3.6131801e-03  -7.0507275e-03  -1.8275023e-02   2.5957341e-02   2.3532311e-03  -1.8974445e-02  -3.2494045e-03   1.0112421e-01   1.2658458e-01   2.3760000e-03  -8.9307552e-02  -2.3376009e-01  -5.7511458e-02   2.2094365e-02   6.0197725e-03  -1.0845593e-01   8.1482702e-02   2.3319948e-02   2.0709264e-03   4.7592261e-02
   6.7252060e-03  -2.6863491e-02   3.5619804e-02  -2.6444438e-02   3.7800209e-02  -1.4827691e-02  -2.5141296e-03  -2.7148067e-03  -5.9163836e-02   5.0614667e-03   9.5592934e-03  -2.8201202e-02  -4.9632909e-02   1.7357963e-01  -3.3950361e-02  -1.5931373e-02  -1.5611863e-02  -8.7880036e-04  -9.4298484e-02   1.0726575e-02   1.2323747e-01  -2.1175483e-03   2.1783147e-02   9.6524402e-04  -1.2112040e-01   4.9665040e-02  -8.1115134e-03   1.6682703e-02   3.7705578e-02  -8.1708263e-03  -4.5710402e-02   4.6935163e-02  -6.7328300e-03  -3.0200151e-03
  -4.7098287e-04  -3.3966217e-02  -7.7830112e-03  -2.3669150e-02  -2.2882443e-02  -6.6277013e-02  -4.4718661e-03   3.2768858e-01  -1.1324944e-01  -5.7044191e-02   5.2084833e-02  -1.2228372e-02   1.4457064e-02  -2.2937821e-02   5.1649548e-03  -1.2846039e-02  -8.5547295e-04   1.1920177e-02  -4.8598856e-02   4.6721309e-02  -1.2837266e-02   6.7110367e-02  -4.4382956e-02  -1.0536414e-02  -1.7055936e-04  -5.0512385e-02  -3.2585200e-03   4.4931613e-03   6.0642464e-02   9.2078229e-03  -9.5273744e-03  -6.9950243e-03   2.3138287e-03  -1.7328679e-04
   6.5334604e-03   1.0547359e-01   6.3858201e-03  -5.4809556e-02   1.3855980e-02   2.9565281e-02  -7.9745542e-02   8.6712992e-03  -4.6591026e-02  -2.9174031e-03   1.3659968e-02  -8.1560513e-03   4.5856352e-02   1.5655316e-02   2.4541783e-03   7.1958859e-03   5.3115920e-03  -6.1238115e-02   2.5284141e-02   1.0436820e-02   3.0852588e-02  -2.5382299e-02   1.2309226e-02  -1.2086593e-01   1.8896001e-01  -1.0433297e-01  -1.2080222e-02  -2.5305614e-02   4.5146961e-02  -8.0587113e-02  -2.3891295e-03   1.3931715e-02  -2.6491832e-03   1.1459950e-02
  -4.5875589e-02   7.2044502e-03   1.0485374e-02  -5.0083095e-03   8.0285737e-02   1.0374896e-02   8.6209317e-03  -3.4210218e-02   1.0819369e-02   4.2066111e-03  -3.2344791e-02  -8.8486762e-03   5.1401466e-02  -2.6838990e-03   1.8014602e-02  -1.2204356e-02  -5.2309437e-02  -1.2485755e-02  -9.3485084e-02   2.2634204e-01  -7.5570065e-02   3.4318723e-02  -6.3075565e-03  -2.0278776e-02   2.8032300e-03  -3.1116192e-02   1.5567782e-02   3.8709609e-03  -3.0222399e-02   4.0493901e-02   4.8112310e-03  -2.5294116e-02   4.6308518e-03   6.3629223e-03
  -4.7247485e-02  -9.3829802e-02   5.5814763e-03   1.9304946e-02   4.7431032e-02   3.4587735e-02   1.7671841e-02  -5.2233726e-02  -6.2895655e-02   2.1022960e-02   1.4067852e-02  -1.5641672e-02   6.0659806e-02   8.2849075e-04   5.0411334e-03  -3.9131312e-02   3.7452888e-02   8.7925994e-03  -5.6549790e-02  -4.4929663e-02   3.2067161e-02   5.2337026e-02  -9.6702510e-03  -5.7222313e-02   5.5346098e-02  -1.1391754e-01  -3.8818802e-02  -1.5350509e-02   2.4884726e-01   9.4410857e-03  -6.6577850e-02   3.9457245e-02  -9.3414949e-03  -2.3903184e-02
   2.1040287e-02  -4.8267049e-02  -2.2232074e-02   2.3619519e-02  -3.4003228e-02  -4.5787986e-03  -4.0135954e-02  -4.0503219e-02  -7.8032775e-03   1.9469667e-01  -1.4849409e-02  -1.7432561e-02   1.0163266e-02  -1.0101195e-02  -1.6630977e-02  -2.3387106e-03  -5.7200061e-03   1.8707098e-02  -1.5951783e-02   4.9611380e-03  -1.3835593e-02   1.5342802e-02  -3.1847275e-02  -8.4308124e-04  -1.0195032e-02   3.6187076e-02   1.7092158e-02   3.4698071e-03  -3.2703674e-02   2.3451627e-02   1.5792118e-02  -9.7788694e-03   2.5004081e-03  -3.8398985e-03
   8.0885825e-04  -1.0849490e-01   1.5779604e-01   2.9738863e-02   1.6324155e-02  -5.5043546e-02  -2.3690693e-02   1.0809064e-02   2.3443713e-04  -7.2900790e-03  -1.9563595e-02   8.1048591e-03  -6.0150698e-03  -1.9166464e-02   9.9881357e-03   3.9417236e-03  -1.0139114e-02   9.6164321e-03   2.9490533e-04  -4.0226326e-03   2.8599295e-02   1.3825463e-02  -3.0284675e-02  -3.7162693e-02   1.8361900e-03   1.5872498e-02   2.8975964e-02   2.2858593e-03   2.5232768e-02  -5.8829162e-02  -8.8376012e-03   1.4528121e-03  -1.8940853e-02   2.7894948e-02
   1.1712136e-02   2.6451634e-02   5.4137722e-03  -1.1316009e-02  -1.8228425e-03   8.4278574e-05  -2.8832803e-03   9.8304184e-04  -4.4108600e-03  -2.6666632e-03   3.8676019e-03   1.7768945e-03   1.6519161e-02   1.0596225e-03  -2.9633039e-03  -1.0361559e-03  -1.1436545e-03   1.6618242e-03   4.2819845e-03   7.0318725e-03  -1.8991504e-02  -2.3435346e-04  -1.1845020e-03  -2.0888068e-02  -3.8882482e-02  -2.2145513e-02  -1.6924067e-02   1.9227633e-01  -1.2993910e-02  -5.7975527e-02  -4.2122598e-04  -1.5294222e-03   1.3817796e-03  -3.4326490e-02
   3.2396446e-03   6.0755818e-02   1.0037981e-03  -2.8816355e-02   3.0339241e-02   7.2105630e-03  -3.5523032e-03  -5.9706459e-02  -5.8141483e-02  -2.1296752e-02   3.7882534e-04   2.1887856e-01  -3.2940270e-02  -3.0214626e-02  -2.1351297e-02  -2.8065697e-02   1.4143374e-02   1.7692031e-02  -4.5739860e-02   4.7308697e-03   2.1285673e-02   1.7766729e-02   4.2207376e-03  -3.4413414e-02   2.1574977e-02  -2.9669526e-05  -5.5396124e-04  -6.7805694e-04  -6.5713037e-03  -2.9155055e-02  -2.8198408e-02  -4.8336575e-03  -1.1577302e-03   1.5199091e-02
  -1.9456743e-03  -1.0707757e-02  -1.4394913e-02   1.1908717e-02  -4.9029927e-03   4.9162640e-03  -2.7557157e-03  -1.3906854e-03   3.7799139e-03  -2.7213967e-03   2.4532592e-03  -1.2738542e-02   2.4167299e-02   3.2892965e-03  -5.8934643e-03   4.9496145e-03  -3.8407567e-03   2.4939161e-02  -5.3269322e-02  -7.0289211e-03   9.7300994e-03  -4.5467796e-03   7.0735213e-02  -8.5427808e-03  -8.3587409e-02  -1.2168337e-01   1.6872236e-01   3.8847223e-03  -4.8488002e-02   1.3765127e-02   1.6217294e-03   2.5828900e-02   7.6094914e-03  -2.8400792e-03
   1.2012766e-03   4.9591144e-04  -1.6729056e-03   7.2625190e-03  -5.9634356e-02  -6.8308120e-04  -1.7749491e-04  -1.0591676e-02  -5.4621004e-02   2.2571286e-03  -1.9261689e-03   1.8361787e-02  -4.8102461e-02  -4.8117163e-03   1.1720421e-03   3.5944101e-03   4.9033289e-03  -3.8731062e-03   6.5710032e-03   9.3266182e-03  -1.7838806e-03  -4.0561369e-02  -1.4818904e-02   9.0461546e-03  -9.6209804e-03  -5.3759880e-02  -1.2784400e-03   2.3051513e-03   1.1549072e-02   1.1348141e-04  -9.5317225e-03   2.4183250e-01   4.5624425e-04   4.0556547e-04
