   1.0130696e-02   1.7899010e-01   2.9945733e-02   1.1359812e-02   1.3978953e-01   3.2385354e-02  -9.3522627e-02   3.3995912e-02  -1.8253369e-01  -1.1345721e-01   1.1810216e-01   1.0104477e-01   2.8254741e-01   5.7102040e-02  -2.3792443e-01   9.7747778e-02   1.5540348e-01  -3.0218226e-01   3.4456207e-01  -8.8578719e-02  -1.0168680e-01  -2.5860793e-01   4.5789880e-02  -7.2470858e-02   1.0452829e-02  -1.2595502e-01   7.0069899e-02   3.1225336e-03  -1.1697563e-01   4.6423478e-01  -6.5121847e-01  -1.8405610e-02   1.5461784e-01   1.2720073e-01
   1.9059448e-02   1.0175312e-01   8.5817405e-03   1.6178648e-01  -1.7636395e-01   7.3584672e-02  -1.2015629e-01  -6.4416573e-02  -1.6332687e-01   7.3052697e-02  -2.2375832e-02   3.8598835e-02   2.2305770e-01  -7.8454309e-02   9.1579901e-02  -3.6729451e-02   1.8313436e-01  -3.6975278e-01   8.2080114e-02   9.7395074e-03  -5.5368122e-03  -1.6952954e-01   4.2247749e-02  -1.7918151e-02   4.4861072e-02  -3.3577396e-02  -4.9393305e-02  -4.2770289e-03   5.9658411e-02  -1.1747374e-01  -3.0301539e-01   1.6732440e-01   3.4383562e-01   9.3081474e-02
  -5.3796688e-05  -1.0966261e-01   5.2657733e-03   1.8680421e-02  -1.5223237e-01   1.9326526e-02   2.5717005e-01   8.7857169e-02  -2.4028780e-02  -4.6293321e-02   2.5508000e-02  -1.7382916e-01  -4.2220207e-01  -1.4435768e-01   3.8356970e-01   1.0695273e-02  -5.6144782e-01   1.0505961e+00  -3.1289373e-01   1.6033334e-01   2.2812952e-02   3.4871923e-01  -2.8987216e-01   4.1820551e-02   1.3133385e-02  -1.3015710e-01   1.5903594e-01  -4.2150724e-03   2.9249390e-01  -5.0273130e-01   3.9615489e-01   1.7069880e-01   1.9853807e-01   1.5497902e-01
   1.1842102e-02   2.5743801e-02  -3.6915832e-03   8.1433041e-02  -9.5551252e-02   8.0354898e-03  -7.7993228e-02  -9.1128240e-03  -6.2125010e-02   4.9095170e-02   6.3749042e-02  -2.1299069e-03   2.5668974e-01  -5.5359584e-03  -3.4881529e-02  -2.4561445e-02   2.3965677e-01  -2.6287617e-01  -3.6566081e-01   2.0991750e-02   5.1364049e-02   9.1078470e-02   4.5065351e-02  -3.0798159e-02   1.6292467e-02  -2.8614348e-02   1.8402625e-01   1.3921677e-02   4.6346784e-02  -2.1866561e-01  -1.8610480e-01  -7.0388043e-02   5.8107784e-02   2.3337959e-01
  -3.6898540e-03  -6.9974550e-03  -8.9894622e-04   1.0429776e-02  -3.3814516e-02   7.1838782e-03  -3.8632062e-02   6.8057907e-02  -1.4654863e-01  -1.3160504e-01   1.9562295e-01  -6.4345688e-02  -1.0530960e-01   3.4916905e-01  -3.5762728e-01  -1.0238943e-01   1.5871051e-01   8.4423387e-01  -6.2556996e-01  -2.0628872e-01   1.1337739e-01  -6.3922203e-03   1.6901667e-02  -4.1401728e-03   1.6058077e-03  -3.7255076e-02   2.4679880e-02  -2.4773860e-03   4.0469551e-03  -3.8838549e-03   6.8737799e-02  -7.3279586e-03   1.4311273e-02   1.2350714e-02
   1.5297009e-01  -1.4373513e-01  -1.4680497e-02   1.1263705e-02   4.8987376e-02   2.4854884e-03  -9.3707069e-03  -7.6231824e-02   1.0019103e-01   2.8908120e-02  -6.0345505e-03  -9.8542958e-03  -4.4502453e-02  -2.8985418e-02   2.4899185e-02  -1.6898341e-02  -1.7218028e-02   6.0016185e-02  -2.2033356e-02  -2.4915744e-03   1.0829170e-02   1.2992999e-02  -2.2128479e-02  -6.5559193e-04   4.0289058e-03   1.1997207e-02   2.2058633e-02   3.2097146e-03  -1.1010621e-02  -8.0733915e-02   2.6577537e-02  -2.3262331e-02  -3.0330282e-03   6.6376274e-03
  -8.6152750e-04  -2.2802207e-03   4.0216958e-03  -4.6074214e-02   1.3515737e-01  -2.8264856e-03   1.7804262e-02   1.2971124e-02  -8.0019142e-02  -1.3394481e-01   1.1702801e-01   1.1847903e-01  -1.4885236e-02   2.1362400e-01  -5.3650270e-01  -3.0867149e-02   2.5779894e-01  -1.8977674e-01   1.5174294e-01  -3.5240977e-02   3.9544322e-04   3.8559756e-02  -4.9875611e-02   1.2560076e-03   1.4784443e-02  -3.8710811e-02  -1.6211755e-02   1.7452504e-03  -1.2078330e-02  -2.1706282e-02   5.3545169e-03   9.3868723e-02   2.0046692e-02   2.0034596e-02
   8.5257872e-04   2.1862277e-02  -4.6255345e-03   2.0873096e-03   5.4405630e-02   1.3427116e-02   4.2486796e-03  -7.7815439e-02  -1.5381777e-01   1.4762953e-01  -7.1458745e-02  -3.0790271e-01   7.6313865e-01   2.1226919e-01  -7.5637587e-02  -3.2827991e-04   7.6289976e-02  -4.5117643e-01  -4.7422891e-02   8.6387529e-02   8.9786590e-04  -1.9438445e-03  -3.3790280e-02  -7.0696891e-03   1.1880611e-02   1.6169936e-02   1.2041746e-02   6.2055793e-04  -3.8041082e-02   2.8712183e-02  -1.0575575e-01  -6.5851085e-02   4.6928788e-03   6.5564773e-03
   1.8445816e-03   2.6410275e-02  -4.8615160e-03   5.9683682e-02  -1.4277253e-01   7.1388695e-03  -4.3308343e-04   7.6177080e-02  -3.4268462e-02   2.0131073e-02   4.1526224e-02  -1.0450787e-01  -2.0531911e-01  -5.5644514e-02   3.6890307e-03   4.1337742e-02  -1.2268074e-01  -1.7538767e-01   1.0162390e+00  -1.5028858e-01  -1.6713311e-01   1.3553966e-01  -1.2047357e-01  -8.1384616e-04   4.5883672e-03   3.0207895e-02   2.4077229e-02  -4.7149958e-04   1.1877445e-02   3.2493167e-02  -1.8682450e-01  -5.8316177e-02  -5.2538509e-03  -7.0850502e-03
  -1.2656364e-03   4.5814219e-03  -4.1732330e-03  -1.6045305e-02   7.5255474e-02   2.8362235e-04   2.8100756e-03  -8.2034849e-02   3.8252233e-02   7.1723661e-02  -1.6236691e-01   1.6898307e-01   1.1728394e-01  -2.1088291e-01   9.6556047e-02  -1.0170596e-02   5.0688996e-01  -7.7950494e-01   2.6292121e-01   7.2827106e-02  -4.4682684e-02  -6.7150189e-03   7.9415279e-03  -2.9967069e-03  -6.3073701e-03   3.1686463e-02   2.6438905e-02   5.5632752e-04  -8.6645889e-02   5.4440976e-02  -4.8145443e-02  -2.5581816e-02  -6.2462028e-03  -1.1333741e-02
   5.9075352e-02   2.7370578e-01   1.1386662e-02  -9.5569997e-02  -1.3417721e-01  -2.2128606e-03  -2.2528827e-02   1.0265830e-01  -1.5143052e-01  -3.8042949e-02   1.5203118e-02   4.7240501e-02   6.3328072e-02   1.0141697e-02  -1.8289133e-02   2.3803593e-02   1.3770372e-02  -1.0305201e-01   5.6312441e-02   1.8043719e-02  -1.2886955e-02  -1.2228682e-02   1.6610553e-02   1.5516286e-03   1.0388648e-02   2.5691371e-03  -4.7678188e-02  -2.7721600e-04  -3.6348479e-02  -1.4447808e-01   7.1229037e-02   4.6959081e-02  -3.6602363e-02   1.6802079e-02
  -1.9374242e-02   6.4993584e-02   1.1308621e-01  -2.7547688e-01   1.5600534e-03   8.0295610e-02  -4.3972715e-03  -1.3561317e-02   2.4516911e-02  -2.7381278e-02   6.7381535e-03   1.8997908e-02   7.6169965e-03  -1.1325045e-02  -1.8524710e-02   1.7647490e-02   5.5840213e-03  -1.9902063e-02   1.0560001e-02  -1.0157570e-03  -7.7558972e-03  -8.7589778e-03  -7.2593084e-03  -4.9857066e-03  -4.3355150e-03   2.6956166e-02   8.8337230e-03  -1.7204500e-03  -5.7704227e-03  -3.2760118e-03   7.2288233e-02  -3.4387445e-03  -1.8046873e-02   1.1910784e-03
   4.5245947e-04  -1.4917670e-03   4.6014807e-04  -6.3895961e-03  -1.8912495e-03  -2.1260649e-03  -1.4103022e-04   1.0313305e-02   5.2947964e-03  -1.1007665e-02   5.3094327e-03  -1.4099989e-03   8.7775167e-03   2.1680315e-03  -7.9174771e-03   5.4895201e-03  -8.8248661e-04  -1.0155789e-02   2.7678277e-02   5.4437496e-03  -3.8255988e-02  -3.0563985e-02   4.8975500e-02  -1.9854956e-02   8.5970074e-03   1.2753604e-02  -1.9194663e-01   1.7218105e-01  -3.5477374e-04  -2.3707437e-02   7.2426356e-02  -2.6582515e-03   4.4530330e-03  -3.6891933e-02
  -1.5503877e-03  -3.6272208e-03  -8.4193385e-04  -1.8197214e-02   9.2836538e-02   1.0354266e-02  -2.4640332e-02  -3.2305432e-02  -1.1932925e-01  -7.0634055e-02   2.7045176e-01  -1.0097527e-01   2.8859320e-01   5.1422946e-02  -1.1600206e-01  -3.2500821e-02   1.6801641e-01  -5.6367093e-01   1.9982832e-01   2.9824475e-02  -1.4327387e-02   8.5511975e-02  -2.6579438e-02   1.8879621e-03  -5.4933349e-03  -5.7686792e-03   3.2871039e-02  -5.7190548e-05  -3.1418505e-02   1.2843091e-02  -1.8766595e-02  -2.7970398e-02  -1.3409268e-03  -5.6107896e-03
   1.2724771e-02   3.9622498e-03  -6.5134442e-03   4.6259456e-02  -3.9664059e-02  -2.6921964e-03   1.1284698e-01  -4.9669967e-02  -7.0776891e-02   3.5097535e-01  -1.0384992e-01  -2.2780302e-01   1.7856208e-01   2.1949927e-02  -1.7727357e-02  -2.8340519e-03   2.3578293e-02   1.3711512e-01  -3.4092183e-01   1.0395903e-02   4.6831605e-02   4.0197443e-02   2.3560423e-02  -2.1700335e-03  -5.3365688e-03   3.4578605e-02   4.4022336e-02   2.6425743e-04  -1.2367201e-02   2.0736578e-02  -1.5805783e-01  -2.5930016e-02  -2.9836017e-02  -3.3826060e-03
  -2.0519941e-03   2.4792226e-02  -5.0360374e-03  -1.5783844e-02   7.2364904e-02  -6.7759157e-04  -2.2314701e-02  -3.3093041e-02  -3.4764646e-02  -5.4512805e-03   2.1795935e-02   4.3511955e-02   6.8245038e-02   5.3499367e-03  -3.1924552e-02  -1.5591569e-02   8.9775490e-02   5.6836184e-02  -3.1701633e-01  -1.8075278e-01   3.3046902e-01  -5.0210229e-02   6.6023244e-02   1.4296469e-01   1.3811902e-02  -1.4959631e-02  -9.1165196e-02  -4.7827055e-03  -1.8871804e-02   5.4652825e-02  -8.4185719e-02  -1.6570854e-03  -1.4002297e-03  -3.8485138e-02
   2.8635597e-02  -1.7027859e-01   9.0467276e-02   3.0707135e-01   3.0520290e-02  -2.6383524e-02  -5.6812887e-02  -1.1197224e-01   7.9447997e-02  -3.9141164e-02   1.9755935e-02   5.9249251e-02  -1.1548564e-03  -4.6722807e-02   1.1103903e-02  -6.4495590e-03  -1.4135560e-03  -1.5542326e-02   3.9803419e-02   4.8634594e-03   1.6032982e-03  -3.4947799e-02  -1.6979937e-03   3.5201611e-04   1.1006998e-02   1.7437243e-02  -2.1420419e-02  -2.0135905e-04   5.9214822e-03   1.5021505e-02  -1.3700206e-01  -3.1866046e-02  -2.4506317e-02   5.6285139e-03
  -2.7768390e-04  -2.9549400e-03   1.4742431e-05   2.6482446e-02  -8.3377134e-02  -2.3153136e-04  -4.1755602e-04  -2.4806449e-02   1.0829681e-02  -1.2131742e-01  -1.2092047e-01   7.7349732e-01  -3.6648871e-01  -1.0356714e-01   1.0928784e-02  -5.3454789e-02   9.5491867e-02  -2.3862098e-01   1.6829715e-01   1.1411587e-02  -1.0958691e-02   6.0688593e-02  -3.9783676e-03  -1.3721794e-03  -5.7351144e-03  -7.0242016e-03   3.6352403e-02  -1.1975696e-03   7.9772757e-04  -1.2017136e-04  -1.9814484e-02  -2.4740375e-02   9.3645056e-04   1.9191309e-03
   4.6980267e-04   2.7828950e-03  -3.6426681e-04   9.5083877e-03  -2.0704379e-03   7.5149332e-04  -1.0475939e-03  -6.0472325e-03  -7.7434557e-03   1.0779252e-02  -3.8702143e-03  -1.5292983e-02  -3.9240135e-03   2.0757759e-02  -9.5011459e-05  -5.3372136e-03   1.1648708e-02  -9.6641232e-03  -5.1609035e-02  -1.0260695e-02   8.7389332e-02   2.0735537e-02   1.1972807e-02   4.7308573e-02  -2.7000201e-01   1.0013196e-03   2.2987939e-01  -1.0067665e-02   7.6522091e-03  -2.3760990e-02  -7.4402973e-02   9.1636390e-03  -8.9413510e-04   1.8446200e-02
   3.2511447e-03   2.6551458e-02  -1.6398997e-03   3.5734428e-02   1.2931276e-02   9.2459389e-03  -1.0074984e-02  -1.1637265e-02  -2.7093319e-02   3.6258443e-02  -1.8459086e-02  -4.8442645e-02  -6.6972175e-03   5.1515727e-02   9.7471347e-03  -2.2283855e-02   3.5554158e-02  -6.2802940e-02   2.2748849e-02  -7.2103193e-03   2.3359931e-02   4.9327432e-02  -1.0585364e-01  -4.7302186e-03  -8.1803328e-02  -2.0506004e-02   6.1698033e-01  -8.3789208e-03  -7.1117123e-03  -7.8278730e-02  -4.1326363e-01   5.2577409e-03   7.5555540e-03  -1.6847769e-02
  -2.9714349e-03   1.0799330e-02  -3.0072935e-03   1.6462355e-03  -3.6726127e-02   2.5000943e-03  -2.4668452e-02   2.4565842e-02  -5.4556785e-03  -6.4503824e-02  -7.5074525e-03   2.1714257e-03   5.1714891e-02   8.6252368e-02   1.6771956e-02   1.7564222e-02  -2.0815484e-01   1.5954132e-02  -1.7729022e-01   4.1779951e-01  -1.6147983e-01   2.6948339e-02   8.6968395e-02  -1.1547148e-02  -6.0383408e-03  -2.1321247e-03  -2.0538780e-02  -1.0115222e-03  -1.6448476e-03   1.3824422e-02   8.5694618e-03  -2.8783407e-02   3.7846978e-03  -6.4239799e-03
   1.3157522e-03   1.4866282e-02  -1.4365909e-03   1.3166495e-02   3.9616393e-03   7.9482661e-03  -6.7624007e-03  -4.0272779e-02  -2.0360669e-02   5.3102660e-02  -1.5504122e-02  -1.0339219e-02   1.4720275e-02   1.9043642e-03   8.9130089e-03  -5.1340800e-03  -6.4856492e-03   4.0240944e-02  -5.0984075e-02   6.5479978e-02  -2.4381414e-01  -9.5256038e-02   5.2621642e-01  -9.4409949e-03  -1.1620948e-01  -1.2889172e-02  -1.7250598e-02  -3.5232949e-03  -5.2038858e-03   1.0704941e-02  -7.6982956e-02  -3.3710386e-02   4.1661210e-03   8.7146921e-03
   5.0962808e-03  -1.4703589e-02  -2.1549926e-02   5.9392713e-03  -9.8110285e-03   6.6723271e-02   2.1472230e-01  -3.6255508e-02   2.9289691e-02  -4.2831229e-01   4.7547187e-02   2.4868234e-01  -5.3277203e-02  -3.6476632e-02   3.8674659e-03  -2.1517211e-02   1.9255311e-02  -2.6512662e-02   4.1831001e-02   7.6626981e-03  -2.3392991e-02   9.8664858e-04   9.7415335e-03  -3.1979319e-03  -2.6473212e-03  -1.2900059e-03   4.7211938e-03  -1.6161362e-04  -1.7773782e-02   1.1455050e-02   2.8037961e-03   1.0158945e-02  -1.8013795e-02  -5.6982810e-04
  -3.9006741e-03   1.4817589e-02  -3.9802459e-02  -8.6751245e-02  -3.8914691e-02   2.3976446e-01  -5.7178662e-02  -7.9214030e-04  -1.0714240e-02  -6.6059588e-02   2.0634983e-02   1.2131058e-02   2.3638879e-02  -5.4082658e-03  -6.6928972e-04  -5.6647082e-03   1.0171491e-02  -7.6127049e-03   5.0187762e-03  -1.5769874e-03  -6.6575032e-03  -7.0245839e-03  -4.4829121e-03  -4.1114374e-03  -1.4735858e-03   5.1388816e-03   7.7163615e-03  -4.0286720e-04  -8.9743838e-03   2.5622802e-03   2.4369764e-02  -1.7087930e-03  -5.9806984e-03   1.9166171e-03
   8.1908766e-04   1.7613725e-03  -1.1224618e-03   1.0401442e-03  -1.2184381e-02   2.0154531e-03   7.6090529e-03   7.1119468e-03  -9.0464812e-04   2.0488515e-03  -8.2704824e-03   1.9232275e-03  -3.3221500e-02  -4.9051348e-03   1.0059945e-02   8.8055376e-04  -3.6355030e-02  -1.3561795e-02   1.7553011e-01   9.6163840e-02  -3.5105290e-01   4.9775662e-03   9.2220606e-02   7.9812877e-02   1.1526054e-02  -1.0652955e-02  -1.0566154e-02  -3.4076812e-04  -3.0914130e-03   1.3005368e-03   4.6672058e-03  -9.1996775e-03  -1.2354249e-03  -3.1728602e-03
  -1.8769689e-03  -6.2486918e-02  -4.5718308e-03   1.3535024e-01  -5.6693592e-01   4.0322520e-02  -1.0878997e-02  -2.2384540e-02  -1.1797657e-03   8.4768799e-02  -2.0613524e-02  -3.1974565e-02   4.4576098e-02   1.7851790e-02  -1.1161079e-03  -1.4592598e-02   2.1695158e-02  -6.5886625e-02   8.2893511e-02  -7.3563461e-03  -6.1243037e-03  -7.7296177e-02   1.0296107e-02   2.7633940e-03  -2.4453442e-03   8.5557225e-03  -7.0098326e-02   8.4862835e-04  -3.2457947e-02  -2.6342811e-02   4.7030613e-01   1.0553159e-01   2.3008852e-03   9.2184941e-04
   2.4869939e-03   1.7573763e-02  -1.8209829e-04   6.2362887e-02  -2.2004292e-01   5.3387603e-03  -4.6031381e-03   2.3427871e-02  -3.0008616e-02  -3.4793291e-03   3.7106352e-03   2.2519798e-02  -4.9369096e-02  -3.7785771e-02   2.6696487e-02  -2.0478755e-02  -6.8466482e-03   8.5620795e-02  -3.3040127e-02  -1.3712446e-02   1.7889117e-02  -9.3639487e-02  -8.6755731e-03   1.4646398e-03   9.5242243e-04  -3.1274374e-02   3.6653771e-02  -2.8390789e-05  -7.7156829e-03   1.8801944e-02  -1.0954996e-01   3.4679978e-01  -1.7009706e-03  -1.8848509e-03
   7.4122179e-04  -2.2070254e-02   1.0500739e-02   2.4860313e-02  -1.3645720e-01  -3.4230117e-02   1.4302421e-02   2.1136036e-01  -7.9404663e-02  -7.1227528e-02   1.6596287e-02  -7.8165583e-02   1.0130432e-03   1.1107502e-01  -3.0440572e-02   5.4306017e-04   2.6836041e-02  -7.2757321e-02   3.1092709e-02   6.8179732e-03  -9.6713198e-03   1.1163217e-02   1.6044841e-02   5.6042544e-04  -8.5894873e-03  -1.9135682e-02   3.4551716e-02  -2.0059077e-03  -4.3106010e-02   1.5172925e-02   6.1955376e-02   1.9073254e-02  -1.6405696e-03  -4.6717472e-05
  -5.9641955e-04  -2.4123643e-03  -2.1447246e-03   2.3902796e-03  -3.1559979e-02   1.6446684e-04   1.5908300e-03   1.3014902e-02   2.3454085e-03  -6.2657010e-02   5.9433539e-02   1.1183620e-01   3.5697946e-02  -6.6301620e-02  -1.9181144e-01   2.3267209e-01  -1.5863483e-01   1.5489918e-01  -7.9108438e-02   2.0810604e-03   6.8730434e-03  -5.8496791e-02   2.3614852e-02   1.8485349e-03  -8.6325883e-03  -1.1808759e-02   2.0549845e-02  -4.6162150e-04   1.7843684e-02  -1.3369249e-02   1.9780611e-02  -8.5462582e-03  -2.2625857e-03  -4.5997055e-03
   5.3615242e-04  -2.2634014e-03   1.1763434e-03   1.3898086e-02  -7.9056625e-02   2.6514739e-03   7.0900137e-03  -1.3937163e-02   3.8249348e-01  -2.9328861e-02   3.0161550e-02  -1.9866594e-01  -1.6066391e-01   1.1005342e-01  -3.3751350e-02   4.5844241e-03   1.5576353e-02   2.6545833e-03   1.7839241e-02  -1.0940489e-02  -6.7303909e-06  -1.5841337e-02   2.7218258e-02   3.8879096e-03  -7.8988528e-03   1.7538325e-05   9.3528089e-03  -1.2213742e-03  -9.2672515e-04  -5.4344171e-03   3.5483878e-02  -9.6692809e-02  -3.3543704e-03  -2.6660329e-03
   1.3194711e-03  -2.0272015e-03   1.3749787e-04  -7.6475844e-04   3.7609641e-02   1.6325636e-03   5.1845810e-03  -2.0140975e-02  -2.3925138e-02   2.6560595e-02  -3.0628385e-03  -6.7065164e-02  -1.1403007e-01   1.8866092e-01  -1.3038568e-01   9.5357908e-02  -7.9368264e-03  -1.0687226e-01   1.0015044e-01   1.6124231e-03  -1.4829639e-02   3.4006907e-02  -9.1049168e-04  -4.6932710e-04   1.4758532e-03  -2.7517433e-02   5.4795196e-03  -4.5814747e-05  -5.8420831e-03   6.1089931e-03  -2.5371102e-02   4.5632367e-02   2.4870186e-04   1.5426527e-03
  -1.1948875e-04  -5.3315223e-03   1.4989914e-03   2.2221125e-02  -8.2728306e-02   1.8631856e-03  -5.0639150e-03   2.9391446e-02  -1.2166337e-02  -1.6081804e-02   3.0591192e-03   3.2689491e-02  -4.8089657e-02  -2.4612863e-02  -7.8023989e-03   1.2625619e-02   7.9061460e-03   8.1038317e-02  -2.9970819e-01   3.0139847e-02   2.7985050e-02   3.2779542e-01  -4.4955844e-02  -5.8508699e-04   5.7851609e-03  -1.1334838e-02  -1.9058894e-02  -1.5486046e-04   9.8557794e-03  -5.5702437e-03   4.8554673e-02  -6.4202817e-02   2.4630334e-03   8.5139370e-04
   1.4493531e-03   1.5202863e-02  -1.5198383e-03   2.2490283e-02  -5.1976822e-02   2.0120080e-03   3.9879273e-03   2.1643696e-02   9.8889496e-03  -1.1578897e-02   2.5685810e-03   1.8753430e-03  -1.2199082e-03   1.1000249e-02  -1.5263944e-02   1.2508353e-02  -5.4478928e-03  -6.7346450e-04   1.5249461e-02  -3.5153744e-03   1.5639984e-02  -3.3515143e-02  -6.7863062e-02  -1.6895738e-03   2.4421360e-03   3.2043407e-01  -9.1044911e-02   1.5173379e-03   6.9209192e-03   1.5507169e-02  -1.4686825e-01  -5.1798030e-02   2.0199354e-03   2.3450725e-03
  -2.3463788e-03  -7.6784485e-03   4.5629531e-04   7.6184256e-03  -3.1687373e-03  -1.5047959e-03   9.1335842e-04   1.0560968e-02  -6.7604632e-03  -5.1064072e-03   1.7379331e-03  -9.4520657e-03   1.1973881e-02   8.9953776e-03  -1.9895372e-03  -4.3979813e-03   1.5098161e-02  -2.9461634e-02   1.6420895e-02   1.3784166e-04  -6.0126119e-03  -1.0956844e-02   1.6940649e-02  -5.1561350e-04   5.8553171e-03  -4.7905807e-04  -1.0478297e-01  -2.5149899e-03   2.2580036e-01  -7.5655970e-02  -6.5981942e-02   1.5961808e-02   1.0786457e-04  -1.1677220e-03
