  -4.9721600e-03  -7.8751103e-03  -4.5481849e-03  -3.5575390e-03  -5.0005710e-02   1.8730247e-02   5.2326692e-02  -3.9018445e-02  -9.1714795e-02   2.1058741e-02   4.1593701e-01   3.2669195e-02  -2.4225044e-01  -2.5056461e-01  -7.3849918e-02   7.6802285e-02   2.4050873e-01  -3.3364858e-02  -8.9439419e-02   3.3468821e-01  -5.1691215e-02   1.7341665e-01  -7.4597981e-02   8.7349179e-02   1.7573519e-02   9.0310294e-03   2.6427412e-02  -5.7186994e-03  -2.7707094e-02  -7.8061205e-02  -1.3260443e-01   3.2923337e-01   1.6021014e-01   2.0154996e-01
   6.7219399e-02   1.4227013e-01   2.9060872e-02   1.3991395e-02  -5.3752591e-02   8.3175057e-03  -3.3392247e-02  -3.2949497e-02  -6.0640913e-03  -3.2429140e-02  -5.3924770e-02   3.6447088e-02   8.1129922e-02   4.2357628e-03   6.3105205e-02   4.7695180e-02  -2.2790946e-02  -3.1825956e-02   4.1921245e-02  -8.4438102e-02  -3.6590341e-02   5.7806720e-02   4.2115222e-02  -2.8200026e-02  -1.2659482e-01  -2.0831281e-02  -1.4040797e-02  -3.0327525e-02   8.7163193e-02   3.4198080e-01  -4.0026869e-01   2.2698101e-02  -7.6993101e-03   1.5030539e-02
  -2.9890518e-02  -1.2029573e-01  -1.4951579e-02  -5.5412888e-02  -3.5222215e-02  -8.8446335e-03  -2.9717789e-02  -8.5545968e-02  -6.0980808e-02   4.3719250e-02  -1.9100108e-02   2.1139244e-02  -1.1504197e-01   1.6803464e-01  -4.4507529e-02   2.1378050e-02  -5.7105907e-02  -1.3262922e-02   3.1709359e-02  -1.0777862e-02   1.0625278e-01  -7.2370532e-02   5.6080789e-03   3.2157276e-02  -1.1587023e-01   3.2940208e-02   6.4953485e-02  -5.1828147e-02  -1.9847049e-02  -8.4174464e-02   9.1072639e-01  -3.4924476e-01   4.7317103e-03  -1.8961178e-02
   4.5101138e-03   2.1707547e-02   5.9890034e-03   3.4056039e-02  -4.8136222e-02  -9.5039853e-03  -1.0590720e-02   4.3335668e-02  -2.2039910e-02  -2.5995667e-02   1.5590774e-02   1.8965220e-02  -2.2634994e-01   6.1028997e-02   9.7034186e-02  -1.3027804e-02  -5.7842867e-02  -1.8902912e-01  -5.4782112e-02   6.0181490e-01  -9.2017134e-02  -4.2984684e-02   1.8816681e-02  -1.2877801e-02   1.7534671e-03   1.1456736e-02   9.5483991e-03  -6.7542290e-03  -7.1866048e-03   6.0296169e-04   1.6143458e-02  -1.0016644e-01  -1.3018398e-02  -1.4413134e-02
   9.0502464e-04   4.5075454e-03   5.5034649e-03   1.0488631e-02  -2.6967834e-02  -1.5376593e-02  -1.7311585e-02   3.1427227e-02  -3.7731735e-02  -2.6516127e-02  -1.4521574e-01   4.9604811e-02  -6.6298928e-03   1.4502673e-01   1.6548391e-03  -1.1176133e-01  -6.6786087e-02   1.0413486e-01   5.8612686e-03   1.4547372e-02  -7.4252356e-02   9.9707462e-03  -3.0694820e-02  -7.1704648e-02   9.2579765e-03  -1.2386981e-03   8.7068276e-03  -5.7497846e-02  -8.6697120e-03  -1.6517175e-02   4.5461993e-02  -1.3332788e-01   1.8436993e-01   2.4134681e-01
  -7.8897438e-03  -1.5654004e-02   6.4537567e-04  -6.6239149e-04   2.3388846e-02  -4.2818631e-03   2.0290150e-02   2.4670143e-02   1.3489468e-02   2.1284272e-02  -8.3866096e-03  -3.8720287e-03  -9.7718581e-03   4.1877694e-03  -2.5091328e-03  -6.3556227e-03   2.5521562e-03  -7.3930562e-03  -2.6494598e-02   2.9107443e-02  -9.7649737e-03   8.2628570e-04   1.1012686e-02  -4.1135740e-02   1.1787516e-02  -3.8237785e-03   3.5292771e-03  -4.3033815e-02  -8.7721541e-03  -5.5502369e-02   5.2089521e-02  -3.1811124e-02  -1.2247223e-01   1.8463945e-01
  -1.3382913e-03  -3.1677254e-02  -2.3068063e-03   4.6245096e-02   8.4935991e-03  -1.6069378e-02   8.5419008e-03  -8.6891216e-03  -2.8368204e-02   2.3210118e-02  -2.1080625e-01   6.8829861e-02   4.3563438e-02   2.8047039e-01   1.8577136e-02  -1.0253471e-01  -6.0732754e-02   2.4511451e-01   2.1435777e-02  -3.3715328e-03  -1.5887692e-02  -2.2920144e-02  -3.6923691e-02  -2.0837697e-02   2.2332021e-02  -1.4097630e-03  -1.9812308e-02  -2.4095106e-03  -2.1800274e-02   8.4583263e-03   1.2857635e-01  -3.1932788e-01  -1.8491313e-03   1.1045084e-02
   5.3149575e-03   1.9777161e-02  -4.1733760e-03   2.0166059e-02   1.6646932e-02  -8.9325620e-03   2.3125015e-02   8.2054038e-03  -1.0371551e-03  -3.3924254e-02   2.7520769e-01   8.3783092e-02  -7.4430690e-02   5.0728213e-02  -4.2320865e-02  -5.3204626e-02  -1.1283949e-02   6.0740726e-03   1.4920725e-02  -1.0796351e-01   1.4823268e-02  -1.7524847e-02  -1.1469060e-02  -3.1718944e-02   6.8993557e-03   7.9957246e-03  -7.8210457e-03  -1.2817275e-02  -3.5877116e-02  -7.1014312e-03  -7.8328220e-03  -6.8209903e-02  -2.1233565e-02   1.8542396e-02
  -4.9472493e-03  -2.3011721e-02   1.8674894e-03  -8.0901201e-05   1.9289433e-03   2.9203571e-02   1.7471818e-01   1.6058840e-02  -4.6048744e-03   3.6349515e-01  -4.4652338e-01  -8.5047632e-02   3.3493982e-04   4.1787995e-02   5.3340237e-02  -2.4281184e-02   1.5787299e-03   2.0450601e-02  -1.8740580e-02   1.0355658e-01  -5.6572940e-02  -3.9255791e-03   2.0575447e-02   6.3557850e-04   8.7214474e-03  -9.5846930e-03   2.2261731e-02  -4.6096932e-04  -2.6107223e-02  -2.2161393e-03  -2.8873165e-02  -7.5103219e-02  -4.2495890e-02  -1.1226349e-02
  -3.3702294e-03  -1.5156647e-02   2.5462247e-03  -5.1915749e-03  -2.9266563e-03   8.5452094e-04   2.5384921e-02   3.6107032e-02  -1.5027983e-02   4.6059559e-02  -1.0336754e-01   1.8061416e-02  -5.7588126e-02  -6.4313558e-02  -1.2071108e-02   2.0769228e-01   2.6559708e-01  -1.5614261e-01   1.2668627e-04  -2.1889846e-01   8.1683089e-02  -1.1142682e-02   5.8196065e-04   1.3045199e-02   2.1756347e-04   3.2235915e-03  -4.9010044e-03  -8.1980093e-04   4.9453862e-03   1.1775367e-03   4.9716457e-02  -6.2994678e-02  -9.7051545e-03  -1.2305234e-02
   1.6765654e-03   4.8662954e-03  -2.0041009e-03   3.8459604e-04  -1.4431100e-02  -6.9140619e-02   7.3684677e-03   4.0100140e-01  -3.3159610e-02  -2.4163013e-01   6.8177735e-02  -5.1847245e-02   5.7322230e-03   3.7649060e-02  -1.2975967e-02   1.8859673e-02  -2.4263741e-02  -3.1437126e-02   4.2674086e-02   5.1757140e-03   6.9798561e-03  -8.5959726e-03  -4.5176552e-04  -3.4755753e-03   7.9233943e-03   4.7828807e-03  -1.9629325e-02   6.6475060e-03  -2.5385267e-03   4.0545642e-03  -2.6935445e-02  -8.0422807e-02   8.6672882e-03   1.5073802e-03
  -1.2893612e-02  -3.1802868e-02   1.6730476e-01  -1.2318828e-02   6.4929809e-03  -4.3863471e-02  -3.0993562e-02  -3.2230492e-02   1.1514875e-02  -1.1724785e-02   5.3335629e-03  -6.5463545e-03   2.3246285e-03   3.2502866e-03   1.8515596e-02  -1.9239022e-02   4.5356558e-03  -4.0612519e-03   1.3890754e-02  -6.7456067e-03   7.9575944e-03  -7.5973520e-03   6.2610990e-04   3.1329162e-03   1.5351604e-02   9.3874540e-04  -1.0496247e-03  -6.4308448e-03  -2.5936852e-02  -4.9040995e-02   4.5511196e-02   1.3677393e-02  -4.1453643e-02   1.6770140e-02
   5.4561724e-03   3.1177132e-02  -2.1563172e-02   1.4164935e-02   7.5185901e-03  -1.9604961e-01   9.0568020e-02  -2.5634120e-02  -1.3578076e-02   9.9378319e-02  -2.8196262e-02  -3.5228557e-03  -1.5394878e-03  -1.0073708e-02  -1.1042020e-02   1.4467262e-02  -8.4580653e-03   5.0548793e-04  -2.9753160e-03   5.3202746e-03  -5.3090755e-03   4.6838801e-03  -3.6665180e-03  -6.8804571e-03  -3.1204265e-03  -5.3430007e-03  -3.9884113e-03   5.5994078e-03   9.4164694e-03   1.3764002e-02   1.0069220e-02   2.8245614e-02   2.0535407e-02  -1.0614809e-02
   3.2252947e-03   1.8646385e-02   5.8957632e-04  -7.1528358e-05  -2.6131684e-02  -2.7077723e-03  -4.9164756e-03   4.4442303e-02  -3.4384778e-02  -2.0710334e-02   5.3232947e-02  -2.6256607e-02   1.3411278e-02  -2.4067543e-02   2.3650385e-02  -1.6857130e-02   4.2529061e-03   2.3607083e-02   2.3979741e-02  -4.1477937e-02   4.9096095e-03  -1.2491724e-02   9.2468354e-03   2.0446368e-03  -3.1468937e-02  -7.2555214e-03   1.6125214e-01   2.8672286e-03  -6.6603328e-02   7.3988405e-03  -7.8502583e-02   1.0633061e-03  -2.8858347e-03  -6.2789519e-03
   9.5727310e-03  -4.5541886e-02  -5.8322296e-03   2.0174339e-01  -1.9445657e-02  -3.9565595e-02  -1.1645153e-02  -4.0012363e-02  -6.2732087e-03  -1.2745523e-04   3.3713003e-02  -4.2457152e-02  -7.4573101e-03  -5.6823965e-02   2.1628669e-02   2.6807653e-02  -1.6830364e-02   2.4385343e-02   1.4400586e-02  -1.5064838e-02   6.9789214e-04  -4.4925961e-03   1.7524067e-02   1.5343292e-03   1.6662223e-02  -5.5178724e-03  -3.5440075e-03   1.6746340e-03  -5.4177980e-02  -3.8405820e-03  -3.5411775e-02   4.2110561e-02  -2.3090492e-03   3.2277642e-03
   1.4397289e-01  -1.1348282e-01  -1.7656115e-02  -1.3987978e-02   1.3419367e-02  -7.5491147e-04  -5.1688894e-03  -3.4655719e-03   1.0116982e-02  -3.0808128e-04   3.6144315e-03  -6.7986916e-03  -1.1328844e-02   6.0431381e-03  -9.6946911e-04  -1.0833730e-03  -6.0458362e-04   4.4924257e-03  -3.0920036e-04  -2.6627485e-03  -5.2414996e-04   2.0360602e-03   4.2677407e-03  -2.9858140e-03   1.6215176e-02   7.6766097e-04   7.2280941e-03   1.6290872e-03  -1.1011350e-02  -7.0107573e-02   2.7515558e-02   9.5832177e-03   2.4453852e-03   8.4027938e-03
   4.1742655e-03   8.6296198e-03  -8.5445846e-04   3.3914945e-04   1.0052047e-02   3.0954822e-03  -5.8399155e-04   2.7202000e-03  -2.7541185e-03  -5.9178656e-03  -7.3940735e-03  -2.7942819e-03   8.7134856e-03  -1.5085355e-02  -7.9121371e-03   5.1998512e-03   3.8793406e-04  -5.5856033e-03   1.1136736e-03   1.0412766e-02   3.5928088e-02   1.0726438e-02   8.2563897e-03   5.6149765e-02  -7.2302389e-02  -4.2258759e-03   9.4714116e-03  -2.2078075e-01   3.2227895e-02   1.3968362e-02   7.7993330e-06   3.4024399e-02   5.0155184e-03   8.0520124e-02
   2.3603067e-03   1.6184862e-02  -2.6868391e-03   3.6322837e-03   1.2744281e-03   3.1641209e-03   4.0332532e-03   1.1415020e-02  -3.4538495e-03   9.5846481e-03  -9.0114256e-03  -6.8546585e-03  -1.0400588e-02   1.1463595e-03   1.3952836e-02   3.5859462e-03  -1.6703778e-02  -1.6199371e-02   1.2036323e-02  -1.1801891e-01   2.2985243e-01  -2.0668166e-03  -2.6851765e-03   4.3790586e-02  -1.2537384e-02   2.5729059e-03  -1.0647830e-02  -6.9643837e-03   1.4720273e-02   1.6916724e-03  -6.0144857e-02  -8.4515277e-02  -3.6011120e-03  -8.7249801e-03
   2.0828271e-03   3.5787525e-04   3.5990323e-03   2.7182795e-02   7.6813625e-03  -1.1629316e-02  -9.5306289e-03  -4.3791543e-03  -2.5628504e-02  -6.9882790e-02  -9.5165343e-02   2.8706355e-01  -1.8471691e-02   4.2166848e-02  -1.1033924e-01   6.3051414e-02   7.3548683e-03  -1.0776871e-01  -2.9038330e-02   6.0080615e-02  -1.8256886e-02  -1.1392676e-02   4.4142490e-02   3.9773817e-03  -5.2866630e-03   6.3911762e-03   2.1809617e-02   6.1971242e-03  -2.2202214e-03   1.2832439e-05  -6.9505750e-02  -6.2783946e-03   3.7369938e-03  -5.3734688e-03
  -2.6692664e-04  -7.2679368e-03   3.7693904e-03  -1.6971179e-03  -1.1711009e-02   1.6531615e-03  -5.6839052e-03  -5.0646899e-03  -4.7718163e-03  -1.3124467e-03   1.5364221e-02   2.0212351e-03  -6.8962832e-03   1.1203750e-02  -3.0016567e-03  -1.0693220e-04   5.9505837e-03   1.0886758e-02  -9.5800193e-03  -8.1929046e-03  -3.1094083e-02  -5.2297654e-03  -5.1543781e-03  -6.6046245e-02   2.4242186e-01  -8.4751421e-03  -3.4464428e-03  -6.8376344e-02  -1.7397838e-03   9.2271891e-03  -1.4402472e-02  -2.6911932e-02   3.0927394e-04  -7.7391775e-03
   2.6903370e-02   2.0433865e-01  -2.2463216e-02  -2.3871173e-02  -4.2151666e-03  -8.0549426e-03  -1.1866943e-02  -2.1711661e-02  -6.1899478e-03  -4.3765433e-03  -1.5946102e-02   2.9752623e-05   1.1571654e-02  -1.5847643e-03   9.3779299e-03  -1.1594790e-03   9.5858402e-03  -1.5728930e-02   2.6879582e-02  -2.7713253e-03  -1.2557763e-02  -6.8152669e-04   6.2241149e-03   1.7930937e-04   3.9417404e-02  -1.4358855e-03  -4.2411514e-03   1.7171510e-02  -7.8237811e-02  -9.0219929e-02  -2.5246062e-02  -5.1008936e-03  -2.0841947e-03   9.5592425e-03
   3.7923910e-03   2.4027943e-02   6.1991842e-03   3.1049541e-02   4.4869348e-03  -9.2902328e-03   5.6191025e-04   1.0266752e-02   1.4091369e-02  -1.4744345e-02   1.5778872e-02  -8.3557519e-03  -8.5995791e-03  -1.4459308e-03   4.7754788e-03  -5.0084860e-03  -2.6237811e-03   2.2338652e-02  -8.7833874e-03  -5.9428375e-03  -6.6242936e-03   1.6156120e-02  -7.9100168e-03  -4.4771736e-03  -1.7872025e-02  -3.2926703e-03   1.4066869e-02   3.7463742e-03   1.8348820e-01  -9.3359657e-02  -1.3310743e-01  -1.8536820e-02  -4.7353091e-03   3.4933970e-04
   1.9505258e-03   8.0150855e-03  -4.0048737e-03  -2.1487041e-03   1.3591195e-03  -3.6387276e-02  -8.8190823e-02   4.8216460e-03  -1.6169917e-02   2.3042280e-01  -5.7528963e-02  -3.0637538e-02  -1.1784967e-03  -3.6301484e-02   7.6459508e-03   6.0168216e-03   4.3388193e-03   4.8713930e-03  -3.2168964e-03   2.7167401e-03   3.7004052e-03  -1.1530301e-03  -3.2032667e-03   1.7078398e-03  -8.4875734e-04  -2.0293406e-03  -1.7905312e-03  -2.3139577e-03   1.0048433e-03   8.2959438e-03  -1.0833394e-03  -1.6099109e-02   1.2421717e-02   7.3267089e-04
   1.3331463e-04   2.6571303e-04   2.3063875e-03  -1.5437852e-03   1.4486378e-02  -2.4567657e-04  -5.2436664e-04  -2.8883847e-03  -2.0685732e-02   8.1697235e-03   1.4076380e-02   6.4695883e-04  -3.1584996e-02  -2.2123478e-02   1.0130880e-02  -5.4811739e-03   1.1984363e-02  -2.9579332e-02  -1.3894485e-02  -4.9607745e-03  -2.7080478e-02   2.0309991e-01  -3.9112793e-04  -5.1171406e-03  -9.4274924e-03   2.6322432e-03  -4.6309031e-04  -3.0916202e-03  -1.0587567e-02   2.8356605e-03   1.4912847e-02  -1.0054573e-01  -3.0118577e-03  -1.5190855e-03
  -6.6613818e-04  -1.0157301e-02   2.0433808e-03   8.0756131e-03   1.0600024e-02  -1.7935100e-03  -2.6564958e-03  -1.8786200e-02   6.4293913e-03   2.0010319e-02  -7.2670148e-02  -1.1586243e-01  -2.3778404e-02   2.7826693e-01   4.3751220e-03  -6.6243672e-02   4.8577587e-02  -1.1150177e-01  -3.4904908e-03   6.9201566e-03   1.1343867e-02   4.6937689e-03   6.1581572e-04   4.1042393e-04  -3.6162870e-03  -6.1597179e-03   7.4534248e-03  -9.7139475e-04   7.1304472e-03   1.5573700e-03  -2.7039729e-02   4.1785934e-02   5.3239234e-03   2.3783559e-03
  -4.4891507e-04   3.1697664e-03   1.0033358e-03  -1.1155936e-02   3.6251835e-03   8.0015138e-03   6.4711618e-03  -1.7939184e-02   1.2822926e-02   3.9096706e-02  -5.5067240e-02  -3.3322959e-02   2.1298821e-02  -1.2271865e-02   3.7673667e-02   1.8386137e-01  -1.9077354e-01  -3.0597671e-02   5.1219792e-02   1.8656874e-02  -2.2547642e-02  -8.1568872e-04   1.0464324e-03  -1.7040261e-03   1.5961786e-03   3.2860822e-03   2.9687293e-03   2.6965436e-03  -6.4529050e-04  -3.7067318e-03  -1.3790328e-03  -1.3133795e-02   6.8375438e-04   8.0241409e-04
   3.4732391e-03   1.1617905e-02   6.5427405e-04   1.6511919e-03  -1.5128853e-02   2.8580933e-03  -4.4298007e-04  -4.3544853e-03  -4.0424600e-03   1.3077926e-02  -4.3219069e-03  -3.1387544e-03   3.7571344e-04   1.1712867e-02  -8.6660699e-03  -2.4721338e-03   7.6921244e-03   2.0847357e-03  -3.4361421e-03   6.3200457e-03  -9.0319764e-03  -9.6087132e-03  -1.5721564e-02   3.0397547e-03  -1.9555632e-02   1.7033540e-01  -2.5050102e-03  -6.2382036e-03  -1.2869911e-02   3.1826013e-03  -7.6728269e-02  -4.2448686e-02   9.4099029e-04   3.7276183e-03
  -7.3375367e-04  -7.9569565e-03   2.5979141e-03   3.6256826e-03  -8.9127513e-05  -3.1423036e-04  -9.9400461e-03   7.7414032e-04   5.4923093e-03  -1.2612408e-02  -1.2860106e-03  -3.0760804e-03   4.6830579e-04   1.9310954e-02   9.3248589e-03  -4.9478005e-03   8.3540098e-03   2.5977024e-02   3.7959810e-04  -7.2771897e-02  -9.6907763e-02   1.1069215e-03  -1.0832671e-02   1.9490335e-01  -5.7495746e-03   1.1415648e-03   1.2918804e-04  -3.3044185e-02   5.9366016e-03   5.8162503e-03   4.4736406e-03  -2.1050798e-03  -2.6178135e-03  -1.7067070e-02
  -1.9920403e-04  -1.5957277e-03   9.4792531e-06  -4.6272906e-05  -5.2275068e-03   1.8578717e-03   6.2025406e-03   3.6527269e-05   1.3185706e-02   1.3128585e-02  -1.0493578e-01   5.8920587e-02  -5.8465842e-03  -1.1587937e-01   2.5906074e-01  -1.2308166e-01   1.5166274e-02  -7.4567643e-03  -1.2858096e-02  -2.1420773e-02   1.5898150e-02   8.2852837e-04  -7.4518248e-03   5.6622909e-03   2.1526982e-03   4.2834768e-03  -1.5790164e-03   2.8615862e-04  -1.9987060e-03   9.5761110e-04  -1.9625177e-05   1.1095207e-02   1.4143679e-03  -6.6923616e-04
   1.4214298e-03  -7.8790478e-03  -1.0714782e-03  -1.7278991e-02   2.1606282e-01  -1.2665533e-02  -8.4832086e-03  -4.6308967e-02  -7.2404801e-03  -8.8236311e-03   2.2509413e-02  -2.0911694e-02  -1.1389245e-04  -1.0033603e-02   7.3846333e-03   3.4470756e-04  -4.5948337e-04   5.5584050e-03   1.1839079e-02  -2.7423389e-03   1.4781215e-03  -1.3572413e-02   6.9134597e-03  -2.3111264e-04   6.8937914e-03  -1.0562601e-03   3.3659898e-03   4.6656628e-03  -7.5680611e-03   1.4565266e-02  -8.6492622e-02  -5.1454133e-02   4.7146973e-03  -9.6282246e-04
   1.5059276e-03   1.0269372e-02  -3.1263008e-04  -3.2311547e-03  -1.0385395e-02   3.8533058e-04  -2.3291077e-03   1.9641545e-04  -1.0828581e-02   7.3530439e-03   1.9989283e-02  -2.1431292e-02  -2.2464289e-02   1.0932136e-02   1.5875042e-02  -8.4884561e-03   4.4697843e-03   2.3081304e-02  -2.9470287e-02  -7.2006573e-03  -3.8104591e-02  -1.8710754e-02   1.7891763e-01  -1.0004216e-02  -3.7750813e-02  -2.3243846e-03  -9.3082919e-03  -6.8124402e-03  -3.5764709e-03   3.1960619e-04  -5.1581408e-03  -2.7589766e-02   1.2378434e-04   5.7092599e-03
  -6.1240922e-04  -1.4688247e-03  -1.1694729e-03  -2.5694198e-03  -6.0929990e-03   3.6378829e-03   4.5643487e-04  -1.4403004e-02  -1.3819738e-02   1.4553685e-02   9.5223055e-03   1.9479690e-02  -3.7469687e-02  -2.0332851e-02   3.0079616e-03  -3.7262964e-02   3.9067723e-02  -5.5434205e-02   1.7816824e-01  -2.4228029e-02  -5.2888182e-02  -1.2770991e-02   1.3488547e-02  -5.8605926e-03  -6.0125637e-03   1.8505598e-03  -5.8943088e-03  -5.9147404e-05   1.0246567e-02  -5.3036933e-04  -1.3052784e-03   2.8057778e-03   5.7621113e-04   3.1268051e-03
   1.3183033e-04   3.1920164e-03  -1.4306312e-03   1.7351012e-03  -9.8873729e-03  -6.3330662e-03  -7.8968265e-03  -2.1535282e-02   2.2331235e-01  -3.4446547e-02   2.1750977e-02  -2.6590829e-02  -3.8149959e-02  -3.5045565e-02   2.3185484e-03  -1.7343779e-03   1.2082491e-02  -8.5306817e-03  -9.5664465e-04   5.7988409e-03   2.2933667e-06  -8.8029036e-03   5.3647898e-03  -4.3851427e-04  -2.6994220e-03   3.0295903e-03   4.0372266e-03  -2.0922048e-03  -1.6958051e-03   2.4871972e-03   7.2909817e-03  -8.9622211e-02   4.6956330e-03   2.4976943e-03
  -7.2073635e-04  -6.0814364e-03  -2.2171480e-04   7.1620344e-03  -3.7323744e-03  -3.1671658e-04  -9.9697924e-04   2.0476927e-03  -1.8628780e-02   2.2217832e-03   2.5900458e-02  -2.4370943e-02   1.6902192e-01  -4.4050495e-02   4.7866102e-03  -1.3786510e-02   2.4962552e-02  -8.1335176e-02  -1.0769530e-02   1.9134845e-02  -8.7932460e-03  -1.1360555e-02   7.2033671e-03  -2.1731186e-04   1.1746444e-04   9.8412660e-04  -9.6345116e-04  -1.7008497e-03   2.9978272e-03  -1.7879542e-03   1.6697600e-02  -5.2287721e-02   9.6644336e-04   5.9149185e-04
