  -2.7935065e-01  -6.3860638e-01   1.7296448e-01   2.9062446e-01  -4.5393883e-02   1.4356333e-01   5.3279235e-03   1.7926562e-01  -2.2430133e-01  -1.8104093e-01   7.9165496e-02   4.3782913e-02  -9.9193023e-02   1.8709315e-01   7.0379019e-02   5.9466426e-02  -2.3511124e-02  -1.5765778e-01  -1.1719111e-01   2.7045027e-01  -2.2929400e-01   3.7339367e-01   2.2562878e-02   3.6514219e-02  -1.6498065e-01   6.8039982e-02  -2.5146397e-01   3.0806574e-01   1.7238442e-01   3.0114426e-01   2.1163259e-01  -1.2626890e-01   1.4140537e-02  -9.3426093e-02
   8.9476118e-02   1.9612774e-01  -6.5709310e-02  -2.4249825e-01   6.4688457e-02  -1.7826539e-02  -1.5404738e-02   2.8154926e-02  -6.8444642e-02   5.9976620e-02   1.5508046e-02  -1.5431710e-02  -3.9281158e-02   4.1283947e-02  -4.6692702e-04  -3.8104528e-02   1.1105029e-01  -5.8329274e-02  -6.5404732e-02  -2.2624840e-02  -9.3162496e-03   1.5388614e-01  -8.0553449e-03  -2.5675517e-02  -1.3604245e-01  -1.3417601e-01  -2.6077819e-02   1.7779436e-01   3.4558514e-03   2.6241391e-01  -1.0241467e-01   1.6986370e-02  -8.2093867e-03   4.6388352e-02
  -1.7589245e-02   1.0277019e-01  -4.5994681e-03  -6.3758371e-02   8.4485351e-02  -2.9468414e-02  -1.5649978e-02  -3.1867083e-02  -2.8398232e-02   3.7278332e-02  -1.8250448e-02  -1.4430848e-02  -3.8925949e-02  -2.3086481e-02  -1.8002988e-02   9.4674999e-02   1.5879288e-02  -7.4581279e-03  -4.5304541e-02  -5.8843459e-02   3.2507011e-03   4.6573555e-02   5.4567402e-02  -2.9615119e-02  -4.1977880e-02  -5.0997189e-02  -5.2516137e-02   8.9859623e-02   6.9147695e-03   1.2089232e-02  -1.4082666e-01   3.9571710e-02   1.5449037e-01   9.8922256e-02
  -2.2657539e-02  -1.0822091e-01  -6.1271479e-02  -1.3019406e-02   2.9385322e-02   1.6813610e-01   3.3391602e-02   2.6954393e-01  -4.2102664e-01  -7.1049587e-02  -9.2778354e-03   2.7690196e-02  -8.8422395e-03   1.4213378e-01  -8.5578015e-02  -1.3803034e-01   2.2508115e-02   2.2463669e-02   1.5225050e-01  -8.6728974e-02  -3.3642882e-02   1.5439799e-01  -5.1576385e-02  -2.7632096e-03   1.9011772e-02  -1.3399647e-01   3.8052276e-02  -6.2792702e-02   9.3140741e-03   2.0018858e-02   3.0688710e-01  -2.3834022e-01  -5.8655167e-03   2.1117459e-02
  -6.2028380e-02  -1.5153948e-01  -1.9953903e-02  -6.3697671e-03  -3.0820326e-02  -4.7028116e-02   7.7820243e-03  -4.3742316e-02  -1.2330601e-01   3.2668582e-01  -1.0348785e-01  -5.8369773e-03   4.6076600e-02   4.0751325e-02   2.6861464e-02  -9.2898667e-02   2.9448613e-02  -9.9972993e-03  -5.4128491e-02  -1.6343788e-02  -6.6964331e-03  -3.4354158e-02  -3.0327274e-02  -3.4151634e-03   3.9942434e-02   2.1853498e-01  -2.2176407e-02  -1.7314554e-01   3.8534430e-01   1.2748733e-01  -3.9753400e-01   7.6769251e-02   4.7877317e-03  -1.3405726e-02
   8.4319075e-02   4.9359101e-03   1.2081210e-01   1.8376253e-01   2.1086149e-02  -2.5932306e-01  -2.2687733e-02  -2.1130860e-01  -1.0969526e-01   4.3334567e-01  -7.2483744e-02  -5.7672138e-03   8.6566864e-03  -4.2299625e-02   4.2519621e-02  -8.9171854e-02   2.0042989e-02  -1.2876017e-02  -1.0989362e-01   8.3351510e-02   3.3928146e-02   2.2164333e-01  -1.6576390e-01   2.6731169e-03   1.1884352e-01  -1.3491931e-01   5.9159873e-02   4.1810838e-02  -9.2883247e-03  -2.2671966e-01   8.8137400e-02   1.9750935e-02  -2.0062011e-02   8.4287007e-03
  -1.1973576e-02  -2.3263015e-02   2.8802111e-02  -1.7998298e-02   8.7005856e-03  -3.7244049e-02  -1.0473725e-02   5.0036097e-02  -6.4935188e-02  -6.5067972e-02   2.6939988e-02   3.3706860e-03  -2.9369082e-02   1.1289528e-02  -3.9793874e-02   5.8616560e-02  -1.2729483e-01  -4.8524274e-02  -1.5609505e-01   5.0947149e-01   6.9801515e-02   4.2358086e-02  -1.8592473e-01   7.0213110e-02  -5.2523772e-02   5.2058395e-02  -2.3686397e-03  -2.2281392e-01  -7.6797405e-02   1.6944087e-01   2.6978476e-02   4.5878245e-02  -2.0380106e-02   3.1647045e-02
  -3.1094980e-02  -1.3718984e-01   2.8461993e-01   2.2587278e-01   3.7424764e-02  -2.1334058e-01  -4.4353767e-02  -1.9451038e-02   3.1557843e-02  -1.5121481e-01   4.9638730e-02   7.7368708e-02  -4.2994043e-02  -2.9642739e-02  -3.7323318e-02  -2.5147411e-02   1.4685423e-02   8.3496515e-02   3.8869391e-02  -1.4581588e-01   7.0633954e-02   2.1090137e-04   2.8528701e-04  -3.1187729e-02   4.2806867e-02  -2.9250023e-02   6.4747849e-02  -8.0784207e-02   7.7560437e-03   3.9031334e-02  -1.7114661e-01   1.9078822e-02  -2.8039614e-02   4.8074654e-02
  -7.4308667e-03  -8.2117142e-03  -3.7676320e-02   3.1500233e-02   9.7480410e-03   3.9378135e-02   1.5267806e-02  -2.5269262e-02   9.0706589e-03   2.6972775e-03  -1.9386124e-03   3.1285128e-02  -1.4444873e-02   8.9153596e-04  -1.3976795e-02  -2.1064573e-02   2.8181578e-02   1.9411009e-02   3.2639398e-03  -3.5934790e-02  -1.1666549e-02  -2.7121325e-02  -3.4932626e-03   5.3056214e-03  -1.7711352e-02   1.4502041e-03   2.3309504e-02   1.5392921e-02  -2.1426215e-02  -6.7088355e-02  -9.0633117e-03   3.0450995e-03  -1.0104677e-01   1.9160095e-01
   6.0416104e-03   6.0645826e-02   1.4367828e-02   8.2377404e-03  -4.2972798e-02   1.9694859e-04   9.3597700e-04  -3.9446413e-02   2.9428437e-01  -3.7830624e-02   1.7914147e-02  -1.0985117e-03  -5.3841758e-03  -1.6690140e-02  -1.3071159e-01   7.6180096e-02  -3.1572996e-02  -2.7016839e-02   1.1209721e-01   1.0244084e-01  -1.5076900e-01  -2.2036285e-01   3.3455006e-01   3.0971329e-02  -1.3821532e-01  -8.6752794e-02  -9.9946318e-03  -3.8443427e-01   2.8506334e-01  -7.0575288e-02   7.7753026e-02  -1.1859905e-01  -5.4791807e-03   1.6167475e-01
   3.0503015e-02   4.0191326e-02   1.4077177e-02   3.3490589e-02  -3.1791738e-03  -3.7670317e-05   2.3834240e-03   2.9545725e-02  -8.3884324e-02   1.5849424e-02  -9.6802966e-03   2.5684440e-02  -6.5885076e-02  -1.2122121e-01   1.2029491e-01   2.9573415e-01  -6.7536546e-02   5.1987315e-02   1.3235410e-01  -1.2607321e-01   2.0416388e-02  -9.3949440e-02   7.4247045e-02  -2.6222762e-02  -6.6166007e-03  -2.4449045e-02   6.4890992e-02   8.1562944e-04   1.2788572e-01  -1.5693463e-01  -9.2304583e-03  -1.9633781e-01  -3.0707920e-02  -5.0732435e-03
   1.3823392e-02   1.8751239e-02  -4.9958478e-02  -4.9766772e-02   1.6800030e-01  -8.6099497e-02  -3.2399881e-02   9.9625060e-03  -1.4705135e-01  -1.1583366e-01   4.2384232e-02   6.0958300e-02  -9.2888684e-04  -4.1630257e-02   1.4205202e-01  -1.6272030e-01   4.8840794e-02  -1.3668992e-03   1.0846618e-01  -3.5361703e-02   8.6370365e-02   1.5261198e-01  -3.3192465e-01  -2.4664323e-02   1.4409297e-01  -2.1798424e-02   1.3905919e-02  -1.0611962e-01   1.0438904e-01  -3.7887031e-02   6.4242890e-03   6.3423890e-02   2.9620239e-02   2.4989067e-02
   4.1198628e-03   1.8810455e-02   1.8320870e-02  -4.2894042e-02   6.7153458e-02   1.4561339e-02   3.8329304e-03   1.6699649e-02  -1.3737910e-02  -1.1530798e-02  -6.8445714e-03   3.6737999e-02  -5.8407058e-02   6.0861639e-03   2.3683701e-02  -1.9671841e-01  -6.2893156e-03   5.6694286e-02   2.9398792e-01  -1.4005041e-02  -1.7912884e-02   1.5749997e-01  -7.7116883e-02  -6.3603708e-03   4.5999286e-02  -1.2748612e-01   5.8575465e-03   4.0986500e-02   8.6083304e-03  -3.7363227e-03  -9.8080708e-02  -9.9927573e-02   4.0222980e-03  -1.5202634e-02
   1.1646597e-02   2.3763704e-02  -8.8027709e-03   1.9222959e-02  -1.9256842e-02   2.4914207e-02   6.1929106e-03   8.4773236e-03  -2.8223398e-02   1.9390229e-02  -1.9267909e-03  -1.1475438e-02   2.2173353e-02   9.7336801e-03   4.0595580e-03   1.6795188e-02   2.4156048e-02  -2.2854266e-02  -9.7924414e-02  -1.5910932e-01   5.0464201e-01  -9.3126388e-02  -3.8676980e-03  -8.7742759e-02  -1.5540403e-01   6.8621057e-02  -9.5195966e-03  -6.8889376e-02  -9.8582809e-03   1.7897597e-02  -3.4576760e-02   2.2066653e-02  -7.7036299e-03   4.0735043e-02
   7.1435433e-03   1.2800498e-02   3.2704507e-03  -3.3291964e-02  -2.5998977e-02   4.6105370e-02   7.0256161e-03   3.5264336e-02  -2.1107220e-02  -3.5051110e-02   3.7549866e-03  -4.2166492e-03   5.0186186e-02   6.8694169e-03  -1.6284998e-02   7.7396686e-03   2.3804632e-02  -4.6926241e-02  -6.9393531e-02   3.3489235e-02   1.5620194e-02   1.4796076e-02  -1.0077950e-02   5.6374470e-03  -9.3049910e-02  -7.3876641e-02   4.3912947e-01  -8.1406706e-02  -3.6005708e-02  -3.4799052e-02  -1.6263038e-01   2.2456661e-02   4.9432621e-03   1.3399672e-02
  -3.3123784e-03   3.1208505e-02  -5.0347322e-02   2.1052669e-02  -4.3481954e-02  -4.2536344e-02  -1.4999715e-02  -1.5608189e-02  -1.2880378e-01  -3.0723327e-03   2.7935241e-02  -1.3954393e-02  -2.1450624e-04  -5.2524258e-02  -2.4109106e-02   5.7891926e-02  -7.5126607e-03  -6.9079763e-04  -7.0798228e-02   1.8693992e-02  -6.7201227e-02   1.6655575e-01   3.0848572e-01  -1.6216982e-02  -4.3187327e-02  -6.2768712e-03  -2.2337243e-02   1.6628131e-02   2.9324684e-03  -1.0879541e-02   4.8679328e-02  -7.3773801e-02   1.5677309e-02  -2.3716963e-02
  -4.0478194e-03  -2.6948011e-03   2.7577215e-02  -4.5951846e-02   3.1500374e-02   3.2362076e-02   6.0467222e-03   2.6570722e-02   4.0870820e-02  -2.4819623e-02  -6.5394541e-03  -4.5530398e-03  -2.7852197e-02   4.5633686e-02   5.9249790e-02  -5.2085495e-02   3.6214131e-02  -1.5424451e-02  -1.1208956e-01  -1.8299563e-02  -2.2133147e-02   6.0404214e-02   1.5176873e-02  -3.1259708e-02   4.3618166e-01   2.7187896e-02  -5.3565697e-02  -2.5070228e-01  -8.0313870e-02   1.0389097e-01  -5.7570979e-02  -1.1294009e-01  -9.7606992e-03   2.4932286e-02
   1.3281437e-02  -2.3555431e-02   5.4822211e-04  -1.1016452e-02   1.7898379e-02   1.6857038e-02   3.1762403e-03   4.4472830e-02  -5.4698342e-02  -1.7139147e-03   2.6169826e-03  -8.4002887e-02   1.0518576e-02  -2.2501937e-02   4.5069296e-02  -1.5319045e-02   4.0885322e-02   1.3808982e-02  -3.8198513e-01  -2.4634938e-03  -2.0419191e-02   7.7145703e-01  -1.0090270e-01   6.6741481e-03  -4.5196836e-02  -1.1908786e-01  -1.2327575e-02  -5.3085897e-02   1.4020728e-02   8.7985333e-03   8.9006727e-02  -2.0037312e-01  -4.9068303e-03   3.1208753e-02
  -2.4115838e-02  -7.4301839e-02   3.8327474e-03  -9.9017116e-02  -2.9874463e-02  -5.4811545e-02  -1.6696067e-02  -2.0649679e-02   1.2330669e-01   7.1910997e-02  -2.4503736e-02  -2.6689128e-02  -1.2073700e-02  -9.1333175e-03  -8.4377868e-02   1.3862145e-01  -2.7325226e-02   2.2873806e-02  -3.6297836e-03  -6.7345320e-02   6.6131372e-02  -8.7809406e-02   3.3822971e-02  -2.6700648e-02   4.8950458e-02  -2.4250971e-01   3.0303357e-02   3.1054331e-04  -4.8975439e-02   6.5078908e-02   3.1556669e-01   2.6137772e-02   1.6950511e-02  -2.7261217e-02
   1.3076767e-02  -3.6953830e-02  -2.0623816e-03   2.1356562e-02  -3.4240360e-02  -2.8494258e-03  -3.6810773e-03   4.4387769e-04   3.0028035e-02  -1.1432245e-02  -2.2231350e-02  -1.5405485e-02   2.4612657e-02  -2.8381580e-02   3.4448329e-01  -3.6209287e-01   4.7297810e-02  -2.3269217e-02   2.8710759e-03   6.1786402e-02  -3.5086684e-02  -1.0767371e-01   1.6300130e-01   1.0831732e-02  -1.0142116e-01  -8.4398701e-02   2.1841882e-02   2.7556766e-02  -3.3899297e-02   7.3496120e-03   8.3034678e-02   2.4362178e-02   4.2085897e-03   1.5278488e-03
   2.3534957e-03   8.5969962e-03   9.5816231e-03  -2.5298815e-02   8.3705319e-03  -2.5887218e-02  -7.1743790e-03   7.5060133e-03  -1.5826507e-02  -9.8475090e-03   6.6981324e-03   1.0416442e-02  -1.5683745e-02  -1.2206255e-03   4.9577262e-03   1.9128208e-02   1.1087050e-02   1.6349404e-02   9.9481807e-04  -1.1399058e-01   2.3680157e-02  -4.1715746e-03  -2.6149308e-02   1.9676605e-01  -5.6283691e-02  -1.8448904e-02   1.0640899e-02  -6.2064683e-02  -8.2213808e-03   1.5114503e-02   3.9887780e-02   1.5920995e-02  -5.8780624e-04   2.0784242e-03
   2.9807864e-04   2.1772288e-03  -8.5273975e-03  -3.0171630e-02  -8.9888478e-03   1.8076341e-02   3.0471719e-03   1.2172065e-02  -1.1234844e-02   2.2126617e-02  -1.6298713e-03  -4.8419068e-02   4.3263440e-02  -2.8599592e-02   5.3057681e-02  -1.2683871e-01  -7.2067110e-02   4.1765518e-01  -1.9784464e-01  -2.6502427e-02   1.3102461e-02  -1.4511645e-01   4.5104053e-02  -1.0698504e-03  -1.3729453e-02   3.4103865e-02   4.6657932e-05   1.3777105e-03   2.3099789e-04   5.5355233e-03   3.4439896e-03   4.6895614e-02   5.0490544e-03   3.3060017e-03
  -5.2965384e-04  -1.7580975e-02  -1.0536290e-02  -2.4737611e-02   1.1593249e-02  -9.0573466e-02   1.5853408e-01   2.5688676e-02  -8.8413391e-03  -4.7213472e-02  -2.4342785e-02  -1.2331540e-02   1.4950547e-03   6.2465867e-03   5.3790401e-03   5.9039425e-03   3.6271439e-04   6.7348414e-03   6.4790335e-03  -9.5929814e-03   9.2769218e-03   7.2228463e-03  -1.4400721e-02  -1.0742261e-02   8.3448874e-03  -2.6609105e-02   1.9000511e-03  -1.0639056e-02  -2.5826606e-03   1.9840020e-02   5.0610270e-02   5.7350078e-03   8.5055100e-04  -1.0837708e-03
   3.1878447e-03   3.2722799e-02  -9.9189225e-03  -2.4784967e-02  -1.5238755e-02  -2.3317200e-02  -2.3018548e-02  -1.2892207e-02  -1.0561608e-02  -2.2167936e-02   2.5671713e-01  -3.2100623e-02   4.5960333e-03  -3.3421085e-02  -6.1847065e-02  -4.7985735e-02   1.0056586e-02   6.7334628e-03   1.4721083e-02  -2.3051285e-02  -1.9402488e-02   1.6907494e-02   1.5676050e-02   1.5052672e-03   2.6104235e-03  -1.3869286e-02   3.1015026e-03  -1.0055595e-02  -3.3620302e-02   1.0795745e-02   2.3272313e-02   2.4192165e-02  -4.8790752e-04   6.4368843e-03
   3.4299359e-03  -1.2657345e-02   3.2176307e-03   6.7787152e-03  -5.3565486e-02   1.3030549e-02   8.2946143e-03   1.5553527e-02   1.4767454e-02   3.1375109e-02  -1.5555515e-02   4.6014080e-03  -3.2509683e-02  -2.8741360e-02  -2.2536280e-02  -1.4194066e-01   2.5125959e-01  -3.6030087e-03  -5.6062056e-03  -3.5979125e-02  -2.1731209e-02  -3.6173296e-02   3.9375448e-02   3.3741877e-03  -2.8786268e-02   3.3822863e-02  -8.5563626e-03   1.8556346e-03  -4.7476283e-02   2.5894003e-02   2.4700702e-02   2.4266718e-02  -1.8414165e-03   2.2891526e-03
  -2.2852640e-03  -1.0034025e-02  -9.3914921e-03  -4.3953412e-02   2.1987721e-01   1.9160073e-02   2.5174803e-04  -6.6893887e-02   8.3804068e-02  -3.9693163e-02   2.4791027e-02  -5.1702293e-02   1.4193679e-02   1.2740772e-02  -5.8933136e-03  -2.9804249e-03   2.6597447e-02   3.0778686e-03  -1.4842486e-01   1.9396710e-02   6.0372962e-02  -4.9946417e-02   6.7389281e-02  -1.4360463e-02   3.4395153e-02  -1.4019370e-01  -6.6412933e-03   7.4205250e-02   8.1296142e-02  -4.8802557e-02  -6.3909789e-02  -4.7491009e-03  -1.2592654e-03  -3.8031701e-02
  -1.3034839e-01   7.2539385e-02   1.0484194e-01  -2.3151655e-02  -4.2263687e-02  -2.5622953e-02  -4.0517318e-03   3.7129743e-02  -4.4151687e-02  -9.1119277e-03   6.4803060e-03  -1.2311402e-02  -7.6648716e-03   3.8798583e-02   1.9766178e-02  -3.2534830e-02   4.2549976e-03   1.7465528e-02  -3.4064432e-02   6.4112039e-04   1.2622140e-02   6.2023010e-02  -1.3681827e-02  -1.9026093e-03  -3.5614644e-02  -8.7561301e-03  -1.6389428e-02   2.7681725e-02   5.2631008e-03   6.3344499e-02   3.5126916e-02  -1.6362049e-03  -1.6052165e-02  -4.5549301e-03
   1.3250288e-02   1.9176540e-02  -9.9701573e-03   2.5136745e-03  -1.1209168e-02  -2.0330735e-02  -5.4351423e-03  -7.1867235e-03  -4.1756873e-02  -2.2505287e-02  -1.5847798e-02  -5.0306462e-02  -2.7049434e-02   3.6472511e-01  -7.2923204e-02  -1.0949853e-01   2.6532608e-02  -1.8202854e-02  -5.9991648e-02   2.7297531e-02  -4.3572776e-03  -5.2168832e-02   7.1957776e-02   2.9502564e-03  -2.2946756e-02  -5.7367217e-03   6.0376011e-03   1.0078552e-02   3.6803661e-03  -2.0975110e-02   1.7198538e-03   1.7277036e-02   7.7307445e-03  -1.6493993e-03
   4.2639433e-02  -9.5419425e-03   7.4698906e-02  -1.3186219e-01   3.3322766e-02   8.4556170e-03  -5.1525774e-03   4.4238133e-02  -5.9265420e-02  -1.3043309e-02  -3.5485137e-03   6.1992857e-03   2.7197971e-02   1.4935881e-03   1.7657403e-02  -1.6764943e-02   1.7855592e-03  -1.7996787e-02   2.8310714e-02   1.7270376e-02  -1.7950178e-02  -1.9671544e-02   1.4569853e-02   1.4788528e-03  -4.0801429e-02   5.6603917e-02  -2.2594892e-03  -4.4859845e-03   9.1956630e-03  -5.4492296e-02   2.6041975e-02  -1.2797528e-02  -1.2207411e-02   1.9446864e-02
  -2.4347182e-02  -9.7451715e-03  -1.8397342e-02  -2.0607363e-02   2.0036741e-01  -1.1227494e-02   1.0988230e-04  -6.9232100e-02  -3.9487815e-02   6.8504374e-02  -1.0211126e-02   4.0282439e-03  -2.7746672e-03  -2.0249798e-03  -6.0156988e-03   1.1472626e-02  -3.6910011e-03   3.5484194e-03   6.3083906e-02  -2.2729306e-02  -3.4391793e-02  -1.7615948e-02   5.7221216e-02   8.9291705e-03  -7.1129964e-02   9.4504551e-03   2.1417156e-02  -2.2261813e-02  -7.2804011e-02   9.6402993e-02  -6.1835751e-02  -4.0297150e-02   6.6570268e-03   9.7904649e-03
  -3.2093746e-03  -2.6831000e-02   1.5980740e-02  -1.2289226e-02  -4.7323095e-03   1.2160675e-01  -1.7062525e-03  -2.1319911e-01   2.5098592e-02   7.3455712e-03  -5.4010941e-03   1.6085163e-02  -1.0204260e-02   1.8202384e-02   1.3701342e-02  -2.3920212e-02   3.8197431e-04  -9.6638742e-03   3.9257664e-02  -1.1470984e-02   8.5608198e-03   2.6101790e-02  -3.3496551e-02  -4.0086086e-03   1.4309949e-02  -1.5776759e-02  -4.0960620e-03  -3.4110382e-02  -1.2892890e-02   1.7424557e-02   6.0290280e-02   3.8621286e-02  -8.3547020e-03   1.1471394e-02
   5.6270839e-03  -5.2018778e-03   6.1722812e-03  -4.4168412e-04   4.8454688e-03   2.6430095e-02   5.9450791e-03   4.4537121e-02  -1.1176349e-01  -4.8950952e-03   5.1896140e-04  -4.1267735e-02   2.5321548e-04   6.7278515e-03   1.6276870e-04   3.9482369e-02  -2.1563958e-02   1.4352764e-02   4.1317503e-02   1.8459887e-03  -3.2569252e-02  -7.5454552e-02   5.6204625e-02  -9.1079003e-04   4.6266064e-02  -1.5728894e-01   3.7287615e-03  -4.7549236e-02  -6.0837627e-03   6.4364366e-03   1.5313767e-02   1.9197327e-01  -1.3074967e-02   1.0078391e-02
  -1.2366748e-03  -4.1044582e-03  -1.9112323e-03   1.3617530e-02  -3.8812618e-03  -2.9827779e-03  -9.0421329e-04   5.3948564e-03  -4.1668591e-02  -2.4420108e-04   1.0780294e-02  -3.6764230e-02   2.3268966e-01  -3.3071706e-02  -9.7718567e-03   1.7770806e-03   6.5497031e-03  -3.8110289e-02  -9.4424313e-03   7.8786013e-03   1.4505108e-03  -1.4374100e-01   3.2344124e-02   1.6495875e-03   1.4162240e-02   9.3763728e-03  -1.0477808e-02   3.5253398e-03  -1.6420093e-02   7.0845514e-03   1.4346737e-02  -5.0963251e-03   1.4009533e-03  -1.8065759e-03
  -1.7448530e-03   9.0089275e-03  -3.9395798e-03  -6.3135070e-03   7.8572197e-03  -1.5077772e-03  -1.4703952e-04  -2.8622674e-02  -4.7732919e-02  -2.9457600e-02  -2.2282189e-02   2.2989335e-01  -3.8730535e-03  -6.2405713e-02  -1.5039347e-02  -2.1534500e-04   1.9720666e-03   3.4484529e-03  -5.1963645e-02   1.2466591e-02  -1.7018517e-03  -2.5491390e-02   3.8531243e-02  -4.4499864e-04   5.9197355e-03  -2.8345934e-02  -2.4407724e-03   2.2683673e-03  -5.8692071e-03   1.4374412e-03   9.6637016e-03   1.5632002e-02   5.8615337e-04  -2.5401197e-03
