   2.8925083e-01   1.0356652e-01  -1.1148731e-02  -4.4381674e-02   9.8496700e-03  -6.3717711e-02  -8.8536645e-03  -8.4204816e-03  -4.1500174e-02  -6.0826693e-02   7.3176428e-02  -6.0828070e-03   2.6825422e-02   6.5626199e-02  -6.6628056e-02   1.7314624e-03  -4.3969016e-04   5.0079948e-02   2.7684140e-02   1.3129123e-02  -3.1314126e-02   3.2475935e-02   1.0317407e-02   4.2907708e-04  -6.7499485e-02   2.6025212e-03  -9.3330511e-02  -4.7160323e-02  -9.3121540e-02   1.5524098e-01  -9.2272002e-02  -1.5099107e-02  -3.6741271e-02   8.9016775e-02
   3.1198795e-02   5.9396874e-02  -1.7889657e-02   8.3747395e-03  -7.7523976e-02  -4.3950018e-02  -3.1574984e-02  -1.3289200e-01  -2.1698663e-02   8.7392443e-02   2.0094934e-01  -8.1027533e-02   7.9748300e-01  -3.0318189e-01  -8.1825838e-02  -1.4686541e-01  -8.1522232e-02  -2.6234723e-02   4.1304979e-02   1.0712288e-01  -7.1232081e-02   5.1054258e-02   2.5511820e-02   8.3579490e-02  -3.0877726e-02  -1.1546657e-01  -2.9483559e-02   1.0666502e-02  -9.5173123e-02  -5.4506193e-03   9.5663143e-03   6.6116828e-02   1.9236833e-02   7.6040660e-05
  -1.0608480e-03  -1.3518605e-01  -7.0800306e-02   7.3568171e-02  -3.5083381e-01  -1.9861826e-02   1.2036875e-02   2.6589388e-01  -6.6993036e-02  -1.7260734e-01   1.3896968e-01  -4.3173730e-03  -1.0537558e-02  -3.4044691e-02   4.4262996e-02  -6.0194649e-02   9.8083020e-02  -4.6756080e-03   1.0093192e-01  -1.4699738e-01  -3.7211200e-02  -7.4706371e-02  -3.8771925e-02   1.5573754e-03   1.0896267e-01   9.0664134e-03   9.6840684e-01  -1.9512456e-02  -1.7388050e-01  -7.5145948e-02  -4.1459508e-02  -5.3516789e-02   7.4832105e-02  -8.6976455e-02
  -2.7660469e-02  -3.7856405e-02   3.1551133e-02   3.0953927e-02  -5.2564609e-04   4.6597455e-03  -2.0495404e-03   7.3127318e-02  -3.1032558e-01  -1.4867395e-01  -2.2047809e-01  -7.0721280e-03  -9.1563318e-02   8.8797030e-01  -1.2500927e-01  -3.3046253e-02  -1.3837474e-02  -3.0385848e-02  -2.1900287e-02   2.1978429e-02  -1.5196098e-02   2.4343227e-02   2.2090992e-02   1.5516722e-02  -3.9798636e-04  -5.3110031e-03  -7.1105893e-02  -9.8199183e-03   1.0392518e-01   1.9428080e-02  -1.5227668e-02  -1.4232208e-02   1.3560045e-02  -8.1372667e-03
   3.4085118e-02  -3.3527483e-02   1.8133864e-01   3.1477294e-02   3.0591050e-01   2.5884018e-01   1.6834654e-02   5.7813057e-02  -2.3191064e-01  -2.7416134e-01   4.8177435e-02   4.0687029e-02  -1.9258000e-02   8.4589975e-02  -9.2127198e-03  -1.0195024e-03   3.7458084e-03  -2.8234623e-02   6.5068651e-03   2.7755173e-02   4.2581136e-02   5.4581772e-02   2.9942789e-03  -4.3138287e-02   4.8352170e-02  -9.5382530e-02   5.8071587e-02  -9.4984342e-03  -1.4642801e-01  -8.5688465e-02  -1.1269923e-01  -8.2002119e-03  -1.0294474e-01   3.9001573e-02
  -2.7192546e-02  -1.1595976e-03  -5.3260121e-03   9.0776395e-04  -3.6822445e-03   8.9254036e-03   2.1183953e-02  -2.0045301e-02   3.2045661e-02   2.3453777e-02   4.4699812e-04  -3.2867830e-02  -1.0308844e-02   2.6424733e-02  -8.8112885e-03   5.8956253e-03   5.6073377e-03   1.0265131e-02  -1.1304795e-02  -2.1391100e-02  -2.5856026e-02  -2.4904024e-02   1.1664547e-03  -1.0955825e-02  -5.8447219e-03   1.6325673e-02   8.7312468e-04   9.6117058e-03   3.3658339e-02  -3.0274011e-02  -5.7264685e-03   1.8167839e-02  -1.5235078e-01   1.3443207e-01
   1.0829790e-02   2.9923535e-02  -1.4404778e-02  -1.1618649e-02  -2.5267238e-03   3.5041267e-03  -3.2685269e-03   3.1627999e-02  -9.7242535e-02   8.8311024e-02   6.1527652e-02  -3.7316567e-02   4.1477563e-02  -1.3434613e-01  -1.9813893e-01   4.3388776e-02   3.0237716e-01   9.6890613e-02  -1.7826068e-02  -1.2249081e-01  -1.2710556e-02   1.9446400e-02   6.7068513e-03   8.2070227e-03  -1.7330539e-02  -2.5212225e-02   4.1165980e-02  -7.8440424e-03  -2.6201193e-02  -5.4127399e-03  -3.3362331e-02   2.3277784e-02   1.2172852e-03   9.6777484e-03
   1.4782750e-01   2.2883679e-01  -7.4399390e-02  -5.7968929e-02   1.5632473e-02  -4.0214133e-02   4.7233699e-03  -4.7729987e-02  -5.8891196e-02   4.1983867e-02  -6.1639120e-02   7.5290517e-02   5.7514094e-02   2.7217906e-02   2.9460514e-02  -2.7541707e-02   7.2321230e-03  -8.7217970e-02  -4.6703617e-02   3.0990854e-02   2.6537259e-03  -2.2274034e-02   2.4845489e-02  -3.8339357e-02   7.8909589e-02   3.0190572e-02   4.1269693e-01   1.2497351e-02  -6.0773583e-01  -5.3360344e-03  -1.1194704e-01   9.1100965e-03  -3.4304601e-02  -2.7593176e-02
   1.1172500e-02   5.3757741e-04  -1.2944778e-03   8.7217329e-03   1.9915730e-02  -2.1259473e-02  -2.9536378e-02  -9.7341796e-03  -7.8837139e-03  -1.3220481e-01   4.1487151e-01  -1.0467851e-01  -2.9336176e-03   8.7433483e-03   2.4097251e-02  -1.7892428e-01  -1.0187591e-03   3.6541508e-03   1.0794193e-02   7.8273672e-02  -1.5079413e-02  -7.5093998e-03   5.1621422e-03   6.0765052e-03  -9.7154241e-03  -3.1118699e-02   2.8379301e-02  -5.5435708e-03  -2.9481324e-02   8.8221568e-03  -6.3655162e-03   1.3296687e-02   9.9114341e-03   8.2418937e-03
  -3.9815970e-03  -5.6474748e-03   3.4796216e-02   1.0138486e-02   1.0623044e-01   4.4834315e-02   9.8957075e-03  -7.1258112e-02   5.4331577e-02  -4.7844635e-01   1.5143917e-01  -1.0395932e-01   1.0930756e-01   3.7836455e-02   2.9801485e-02  -8.5442544e-03  -3.0835833e-02  -2.6288988e-02   5.3255741e-03   6.0299869e-02  -5.7762059e-03   2.7777942e-02   5.1797088e-03  -1.6690972e-02   1.6283966e-02  -4.6085444e-02  -9.4109572e-02   6.6889790e-03   4.0846376e-02  -6.5636322e-03   8.5348991e-03   7.8807694e-02   9.6901568e-03   8.6860369e-04
   8.7260356e-03   4.3473054e-02  -6.8390007e-03  -9.2188071e-03  -8.4644498e-03   9.9484206e-03   3.2027271e-03  -3.6474597e-02   1.7188308e-01   9.5325965e-02  -6.5960209e-02  -1.7946498e-02   9.1591199e-03  -5.6859945e-01   5.7843374e-01   6.6872109e-02  -8.9628187e-02  -4.4146342e-02   1.3026220e-02  -1.2465978e-03   3.9834959e-02  -1.0463323e-02   4.3449669e-02   2.6097635e-02   6.6317113e-03  -2.2446482e-02  -2.6817532e-02   8.6497689e-03  -6.4497354e-02   5.8832803e-03   4.7532769e-04  -6.3093480e-03  -3.2537858e-03  -6.0373677e-03
  -1.8579996e-02   4.1125400e-02  -2.0845492e-02   8.6019081e-03  -1.2571609e-01  -1.0861889e-02   3.4084402e-03  -3.6225669e-02   1.8233415e-01  -1.4263463e-01  -1.2834577e-02   2.9547884e-01  -5.7137146e-01   9.0287470e-02  -8.4500597e-02   5.0478784e-02   1.3036726e-02  -1.3453253e-02   7.5887143e-02   5.8172715e-02   2.2287539e-02   5.9190740e-03  -8.3373511e-03  -8.2662805e-03   7.3161744e-03  -2.7845382e-02  -4.2240628e-02  -1.8645150e-02  -6.1262176e-02   5.8921287e-02  -5.6249131e-03   3.2029318e-01   1.5278954e-02  -5.8139893e-04
   3.0261842e-02   5.5714116e-03  -1.5696724e-02   1.2186062e-02  -1.5583428e-02  -1.6381039e-02  -6.8204622e-03  -1.0343835e-03  -5.0075568e-02   3.9972587e-02   2.0112469e-02  -2.9918562e-02   4.8685626e-02   1.6280519e-02  -2.8961343e-02   1.9999259e-02   6.3447563e-03  -1.4682336e-02   4.4785297e-03  -1.7812634e-02   1.8455432e-02   1.2847278e-02  -2.5246455e-02  -2.1656690e-02   6.6255215e-03   2.7585929e-02   1.0754033e-02  -1.9805987e-02  -8.5190753e-02  -6.3151287e-02  -6.9577362e-03   1.7604605e-02   8.2571101e-02   1.6170508e-01
   3.3168528e-03  -2.8293318e-03   7.7907152e-03   4.2027621e-03   3.1500023e-02  -3.4752342e-03   1.9687891e-04   3.2532671e-03  -9.1464210e-02   4.5642925e-02  -9.8308246e-02   2.5991598e-03  -1.9289786e-02   6.9696591e-02   6.6639601e-02  -3.8008453e-02  -6.8396169e-02  -6.3631846e-02   1.5406593e-02   2.9213619e-01   3.7636537e-03  -2.1870788e-02   6.5806751e-03  -3.1540304e-03  -6.7207004e-03   1.5803788e-02  -4.2443965e-02  -3.9626759e-03   3.2189454e-03   2.3104316e-03   8.8805992e-03  -4.5450065e-02   4.6313887e-04  -1.3218074e-02
   5.6486111e-03   2.1080166e-02   1.8342395e-02   6.8147462e-03  -2.3496629e-02   4.3273798e-03  -4.1244855e-03   3.4101055e-02  -7.3059984e-02  -6.9074053e-02  -1.4623717e-02   1.1628860e-01  -9.1286115e-03  -7.0824874e-02   1.3549796e-01  -1.6373379e-01   8.9385912e-02  -3.7097861e-02   1.3958339e-02   2.8649352e-02  -5.4310615e-02   2.7758292e-02   3.9715616e-02  -1.5459655e-02  -9.4039705e-03   2.6855239e-01  -2.0763157e-01  -2.7667619e-03   2.1283582e-02  -9.4921883e-03  -2.4388279e-02  -3.9466658e-02  -5.5412718e-03   1.5498252e-02
  -3.1919778e-02   2.1642569e-02   1.1904538e-01  -2.3625494e-02  -3.4584331e-01   1.1662014e-01  -1.6849028e-02  -6.9722949e-02   8.5244003e-02   2.2510153e-04  -1.6035564e-02   3.7546286e-02  -9.6221908e-04  -2.1653057e-02  -5.9022979e-03   2.1436021e-02  -6.2288562e-03  -1.6762800e-02  -1.8778155e-03  -1.0164954e-04  -1.9351427e-02   5.0689013e-03   6.3926007e-03  -6.8254300e-03   1.0529911e-02   2.6558998e-02   6.2037503e-02  -5.9895431e-03   1.1776924e-02  -9.4904160e-03   3.9596480e-02   6.2264478e-02  -2.0722169e-02  -5.6616027e-03
   9.5421976e-02  -3.0037432e-01   2.5067310e-02   1.9089336e-02   8.5189553e-02   2.5691996e-02   5.0610960e-03  -1.4762495e-03  -5.8972379e-03   1.0797038e-02  -2.3285574e-02  -9.6745880e-03  -1.1829169e-02   4.0322137e-05   2.4043744e-02  -1.3089745e-03  -3.0477959e-03  -3.3333813e-03  -3.3245208e-03   1.9781037e-03  -1.4926548e-02  -2.2249344e-02   2.3808851e-02   5.4389789e-03  -9.6010170e-03   1.7417153e-02   8.5776897e-02   1.6097398e-02  -1.4452167e-01   9.3902139e-02   5.0654264e-03   8.0150112e-03   1.7301219e-03  -1.4725759e-02
  -6.8642734e-03   2.7476173e-02  -1.1957914e-02  -9.8025828e-03  -2.0541859e-01  -1.2220755e-03   2.0212866e-02   3.3091174e-01   3.0953162e-02  -2.5041000e-01   2.9536101e-02   4.0928510e-02   2.0785499e-02  -4.3209078e-02   1.8937786e-02   6.2967893e-03   1.3362332e-03  -3.2821413e-02  -5.0226283e-05   4.5329944e-03   2.5894281e-02  -1.1629726e-02   8.3088490e-04  -3.2035698e-04  -2.8523679e-03  -2.0131430e-02   8.6137314e-03  -8.1788314e-03  -1.8140281e-02   1.3895500e-02   4.1792097e-02  -1.9654217e-02   2.2805037e-04   7.5453811e-04
   1.2546550e-02   1.6659546e-02   1.0622643e-02  -1.9905387e-01   1.9359157e-01   2.4244398e-02  -5.0061990e-03   6.2543010e-03   1.6529178e-02  -9.3613085e-03   6.1640582e-03  -1.6074675e-02  -5.7148079e-02   2.1243530e-02   1.7292754e-02  -2.7955584e-02   4.8319527e-03   1.3018358e-02  -2.4569768e-03   1.6368249e-02  -1.5787462e-02   3.7823801e-02   1.1416476e-03  -7.8447738e-04   1.4841300e-02  -1.2697785e-02  -4.6654587e-02   1.6930359e-03   7.2199382e-02  -2.6166883e-02  -5.6359471e-03  -5.3653550e-02   1.0632498e-02   1.3752999e-03
   4.3087095e-03   5.3412170e-03  -3.2326701e-03   2.2909515e-03   1.6513585e-02   4.6617907e-03  -4.2053664e-03   2.1044365e-04   2.1120271e-02  -3.2323236e-02   1.0104285e-01  -8.0017484e-03   1.4964114e-02   1.2465544e-02  -2.4923775e-01   3.0745359e-01  -1.2382764e-01  -6.6840280e-04  -1.1485744e-02   3.7802179e-02  -2.3075712e-02   2.4160302e-02  -3.5281269e-02  -1.5114082e-02  -3.5782780e-03   7.1260674e-02   2.6139543e-02  -1.9200239e-03   1.5692161e-02  -1.0895492e-02  -6.8993284e-02  -4.5312672e-02  -3.0641537e-05   2.6358942e-03
   3.2637001e-03   1.2435864e-03  -8.1323411e-03  -4.6904885e-03   2.7647464e-02   1.4746899e-02   2.0961311e-03  -4.6526396e-04  -3.9245997e-02   1.1355695e-02  -8.6419412e-03  -1.7842912e-03  -5.7982882e-02  -1.2320435e-02   2.0806735e-02   1.2309135e-02  -2.6179802e-02  -6.2222636e-02   3.1726412e-01  -6.8257216e-02  -5.5184756e-02  -4.5222488e-02  -5.7813438e-03  -1.6475551e-02   1.8287304e-02   2.1461138e-03  -3.4190023e-02   4.3633411e-03   2.4589996e-02  -7.0580224e-03  -1.0624025e-02  -2.2376568e-02  -5.0219776e-04   1.3217269e-03
   3.1718673e-02   6.2512904e-04   1.1893520e-03  -5.2933216e-03  -6.7000391e-02  -2.4317550e-02  -6.2311661e-03  -2.9493420e-03  -1.9758467e-02  -8.8960641e-05   3.3641491e-03   4.4057498e-02   1.4565688e-02  -3.6175021e-02   9.4596307e-03   2.4269505e-03  -2.3365239e-02   3.9760347e-02   9.7827805e-03   2.9096866e-03  -6.7087749e-03  -1.5749714e-02  -2.1426553e-03  -7.2451657e-04  -1.7006763e-02  -2.6275997e-02  -1.2063587e-02   2.4268859e-02  -1.5073654e-01  -1.6585669e-02   2.7254348e-01  -2.1799777e-02  -8.7018671e-03   7.7309257e-03
  -1.8464436e-03  -1.8612943e-02  -2.2799544e-03  -9.4000941e-04  -2.5040030e-03   4.9279862e-03   3.7175594e-03  -1.6258100e-03  -1.1158110e-02   7.5314809e-03  -5.0038107e-03  -2.5745619e-03   2.5614107e-02  -2.0062104e-02   1.3993008e-02  -3.8580519e-03  -7.6843725e-03  -4.0362521e-05  -3.7853909e-03   9.6382890e-03  -3.3739479e-04  -1.5810492e-03   1.8960351e-03   1.3291845e-02   5.7965697e-02  -7.4682411e-03   5.5394127e-02  -2.0978334e-01   1.4574715e-02   3.5182961e-02   1.5445875e-02  -1.1459543e-02  -5.8777128e-03   4.2342891e-02
   1.3192257e-02   2.3102837e-02   8.2748667e-03  -2.4312844e-03   2.4230842e-03  -2.0400007e-02  -7.7436825e-03   8.0804777e-03   7.4785108e-04  -1.9157433e-02   2.5949584e-02   1.8974400e-03  -7.1736010e-03   1.5402207e-02  -3.0540797e-02   2.1700135e-02  -1.1346599e-02   1.9342147e-02   1.6737061e-02  -6.3408513e-02  -3.9076395e-02  -8.4235551e-03  -2.5470083e-02   1.9277212e-01  -5.7733492e-02   2.0602813e-02  -1.7026805e-03  -2.0515590e-02   4.0778698e-03  -1.4965839e-02  -1.8385748e-02  -1.1150125e-03  -6.9696193e-03  -9.6665715e-03
  -1.2337894e-05  -4.2908163e-03   1.2518429e-02   4.1890833e-03  -1.0638901e-02   8.5948062e-02  -1.8067662e-01   3.0215053e-04  -1.1727744e-03   5.6168686e-02   3.5249677e-02   8.5722812e-03  -9.8209120e-03  -1.8206914e-02  -1.8287072e-02   1.4813480e-02  -9.2148646e-03   7.9431685e-03   3.4468914e-04   3.1925336e-03  -6.5647346e-03  -8.4025087e-03  -2.1667765e-03  -1.6424035e-03   6.8039121e-03  -2.4545583e-03   9.5251197e-03  -2.1414286e-03  -6.4970056e-03  -3.0495451e-03  -9.4740748e-03   4.3068110e-03   2.8355809e-03   2.4562159e-03
  -1.1073730e-01   1.2843273e-02   1.6188728e-02  -3.4967593e-03   4.3326039e-02   7.9743501e-03  -1.5633952e-03   8.9285685e-04  -5.9284902e-02   2.2063603e-02   8.4599805e-03  -1.5695526e-02   4.4262889e-02  -1.1005784e-02  -9.1897066e-03   1.4455858e-02  -4.4207987e-03  -7.7033854e-03   2.9949489e-03  -6.6560401e-03  -5.5884784e-04   1.1439541e-02   2.6777889e-03   4.0467717e-03  -1.2017312e-02   3.9150107e-03   4.2528847e-03   2.0463377e-04  -1.4835876e-01   1.8163957e-01   1.8050784e-02  -7.1806853e-03   1.4198641e-02  -4.2582696e-03
   2.9034214e-03  -1.1843936e-02   1.1097824e-03   1.0576469e-03   6.4259892e-03  -1.5288084e-02  -2.6386323e-03   3.4987491e-04  -1.9951235e-02   5.8078389e-03   1.9073484e-02   1.1529392e-03   1.3857375e-02   4.3930075e-03  -2.9667381e-02   2.7357989e-02  -1.1068249e-02   1.3126691e-02  -1.4850601e-02  -1.6871050e-02  -2.5712904e-02  -1.5952015e-03  -1.0681422e-02   6.6775567e-04   1.9826566e-01   8.8891905e-03  -1.6639643e-01  -5.5221499e-03   1.8458384e-02   1.4963991e-02   2.5056203e-02  -1.2946843e-03   2.9513117e-03  -2.4757394e-02
  -5.1682350e-03   4.2331300e-03   8.7352717e-04   1.0709345e-03   4.8526805e-03  -8.4416104e-04  -3.1759124e-03  -3.6459592e-03  -2.5290374e-02  -5.8325132e-03   1.1727445e-02   2.2860494e-02  -4.6053350e-02   2.6402277e-02  -4.7854969e-02   4.3632029e-02  -1.9020430e-02   2.3389981e-02  -2.1947325e-02  -1.5506825e-02  -5.0931831e-02  -1.0894314e-03   1.9294832e-01   1.7070632e-04  -2.4784215e-02  -1.4847804e-02  -5.6015295e-02  -7.3170210e-04   1.2429693e-02   6.4797640e-03   5.8204063e-03  -2.3892895e-02   1.2550619e-03   3.4190094e-03
   6.3445420e-03  -4.6032117e-03   2.6208179e-03   1.3453398e-02  -8.9916374e-03  -1.0182256e-02  -1.0199839e-03   1.1680618e-02  -4.9677005e-02   2.1383402e-02  -1.5041088e-02   1.7965483e-03  -1.2227835e-01   3.0415495e-02   1.6003934e-02  -5.2986160e-03  -6.2268938e-03   1.5448115e-02  -1.2078446e-02  -9.8065352e-03  -2.1759522e-02   2.2723591e-01  -3.6779705e-02   2.2783167e-03  -2.8584933e-03  -5.1235483e-03   2.1465786e-02   1.7742466e-03  -2.3660744e-02   1.8868770e-04   2.3304383e-03  -4.7534570e-02  -3.9627473e-03   3.4143602e-04
   1.9605952e-03  -9.3427256e-03   4.4071338e-03  -4.2020119e-03   4.9465527e-02  -4.4888254e-03  -5.9698070e-03  -3.2899788e-02  -1.2644833e-01  -9.2289747e-02  -1.3227887e-02   3.8502119e-01   1.8174998e-02  -1.8527479e-01  -1.8910650e-03   1.7284692e-02   3.3821878e-03  -5.8719014e-03  -7.0070195e-03  -7.0607645e-03   2.9291760e-03   7.4290293e-03  -7.4209905e-03   6.0039428e-03  -2.9538413e-03  -1.4225114e-02  -1.1314991e-03   2.2243271e-03   4.0071716e-02  -1.3815949e-02  -1.4487093e-02  -8.6432766e-03   2.9218649e-03   3.7799156e-03
  -5.1187631e-03  -9.2716300e-03   3.4839784e-03   1.6646976e-02  -1.3442348e-02  -8.2398628e-03  -1.9849371e-03  -5.5716793e-02   3.0849531e-01  -3.6277779e-02   4.3098407e-03  -1.7724596e-02  -1.1127516e-01  -7.1895586e-03   1.2068802e-03  -1.2983151e-02   2.6206389e-02  -8.4137489e-03   1.0752052e-02   4.5769593e-03  -1.0423100e-02  -2.8280886e-03   1.7967299e-02  -5.6185590e-03   4.1219405e-03  -2.7940065e-03  -1.6227032e-04  -7.9362544e-04   4.8782996e-03   2.9885593e-03   1.4140404e-02  -1.1829858e-01   4.4190853e-03   1.7213653e-03
   1.7862267e-03   5.1361558e-04  -3.5028621e-03  -2.3145682e-04   1.7458844e-02   5.0624644e-03   5.8970279e-04  -1.5098520e-02   1.3153201e-02  -2.2897454e-02   1.5215194e-02  -7.2717514e-03  -2.7471464e-02   4.4163875e-02  -2.9179333e-02   1.6231850e-02   8.5709802e-03  -4.4532785e-03  -2.8295703e-02  -1.0478018e-01   2.3622407e-01  -2.6004194e-02  -1.5845413e-02  -2.4520523e-02  -2.0830892e-02   1.4128991e-02  -3.0754701e-02  -6.0450796e-03   8.0438889e-03   2.9384270e-03  -1.6552212e-04  -2.0680351e-02   1.0700442e-04  -3.9775035e-04
  -1.8775806e-03   1.0782299e-04   9.4443411e-02   7.7780669e-03   4.1981156e-02  -1.4942322e-01  -1.9695880e-02   2.9277831e-02   5.6217386e-03   3.8694527e-02  -7.7925326e-05  -1.0732358e-02  -4.1930949e-03  -4.8242990e-03   6.0083156e-03  -4.8417461e-03   7.3874524e-03  -7.9526601e-03   4.7818689e-03  -5.9319225e-03   4.2274072e-03  -9.7536871e-03   3.9856275e-03  -2.9180337e-03   1.2584251e-02  -9.5932711e-03   8.2446321e-03   2.7110975e-04   7.9152232e-04  -1.2850372e-02  -2.1232750e-02  -2.0644458e-03  -6.1780224e-03  -2.6702584e-04
  -7.4726582e-04   4.4380616e-03   4.6805010e-04  -1.9641804e-03   1.7298053e-03   4.6625325e-03   4.6722821e-03   1.4523878e-02   1.5712084e-02  -5.9673022e-03  -1.4097108e-02   1.1393645e-02  -5.1139759e-02  -5.6139221e-02   6.1945050e-02  -4.5375913e-02  -6.9801942e-02   2.0920803e-01  -1.5259215e-02  -3.0941450e-02  -4.3180808e-03  -2.8336457e-02  -1.3115003e-02  -1.3885070e-02   2.0594658e-03   9.0460269e-03   1.3366477e-02  -4.3332681e-04  -1.9008977e-03   1.4782496e-03  -3.1522591e-02   1.3831496e-02  -6.3444233e-04   6.2059482e-03
