   2.2014410e-01   3.3481480e-01  -1.7997282e-02   9.0959322e-02  -2.4337187e-01   1.3111254e-02  -4.8094692e-02   6.8524395e-02   6.7787711e-02  -3.4934470e-02  -7.9255923e-02   2.7461886e-02   1.1557815e-01  -5.2264595e-02   1.5346631e-01  -5.4159313e-02  -2.4531454e-02   1.8800545e-01   3.2414881e-02  -8.1255263e-02  -5.3646973e-02  -1.7962054e-01  -1.6659427e-02  -7.5564846e-02  -2.5055407e-02   1.9130650e-01   1.4166459e-02   2.7246419e-02  -5.1317648e-03   1.1676729e-01  -4.8365862e-01  -1.2013076e-01   2.5184771e-02   1.2439225e-01
   1.8407174e-03   6.9273500e-03   5.8485766e-04   1.2039375e-02  -6.2467256e-02   9.5281725e-03  -5.0510867e-03   4.7429154e-02  -2.6323341e-02  -4.0068196e-02   2.3291733e-03  -1.1287984e-02   3.6023278e-02   2.0158879e-02  -1.0481557e-02  -4.3264951e-04   1.8021601e-02  -5.6691811e-02   2.8885494e-02   1.4469212e-02   7.2031851e-03   1.9530716e-02  -1.0935338e-02   2.0759883e-02  -1.6839403e-02  -4.7159263e-02   4.9322110e-02   1.1032109e-02   4.6885640e-02   3.9290402e-03  -2.3434897e-02   1.9359004e-03   1.2434430e-01  -1.5802151e-01
  -5.5870733e-02  -4.4581792e-02   2.7523744e-02  -5.3639227e-03  -3.7838402e-03  -8.3608918e-04   5.6767101e-02   1.5375758e-02   2.2835795e-02   3.8030995e-02   1.0853013e-01  -1.2723731e-01  -3.2494522e-01   3.7433542e-02   8.2823269e-02   2.2703367e-01   7.7601890e-02  -1.6293967e-01  -4.9228563e-01   6.2763661e-01  -1.5014983e-01   1.1394136e-01   1.8563848e-01   3.1109135e-02  -2.3925848e-02   1.9660785e-01  -1.9139966e-01  -1.7286630e-02   1.3797087e-01  -3.6860762e-03  -1.9613623e-01   3.4833039e-01   1.1564433e-01   1.2778773e-01
   4.4621491e-02   3.9469255e-02  -4.3894470e-02   5.1997727e-03  -2.2985451e-01   1.8071432e-02  -6.9914887e-02   4.3267181e-02   1.5501197e-01  -6.5917913e-02  -9.5828177e-03   2.8823307e-02   3.2266032e-02  -1.2132363e-02  -3.2076999e-02  -6.6999938e-02  -8.9726988e-02   2.2348891e-01   6.9879836e-02  -7.2957755e-02   5.1852034e-02  -6.6483162e-02  -1.9687904e-01  -9.2656230e-03   1.1257465e-01   9.0035111e-03  -1.2134337e-01   1.3081944e-02  -6.9915771e-02  -1.4832816e-02   2.3579868e-01  -2.7700299e-01   1.7481318e-01   2.4388607e-01
   1.3820162e-03  -4.9917711e-03  -7.5557509e-03  -1.0987900e-02  -9.1824981e-02   2.8333175e-03  -2.3313713e-02  -6.0016663e-02   1.7282315e-01  -3.8900585e-02  -8.1701534e-02   8.0072058e-02   5.8149458e-01   1.4967338e-01  -2.2311493e-01  -1.0218827e-01  -2.3350496e-01   3.2121720e-01   2.3094557e-01  -5.8805132e-02  -6.5145973e-02  -1.8885691e-01  -1.2362303e-01  -1.5478778e-02   5.4026410e-02  -3.7256389e-01   8.4619487e-02   7.3609078e-03  -9.7406571e-03  -2.2556831e-02   2.6828211e-01  -1.8864520e-01   1.9129599e-02   1.9405082e-02
   7.6159633e-03  -6.6369385e-03  -7.8495150e-03   3.4209988e-02  -8.3777727e-02  -3.7513772e-03  -3.0256260e-02   2.7480498e-02  -5.9122214e-02  -4.0809544e-02   1.9097008e-02   5.6600400e-02  -7.4079387e-02   1.3788143e-01   3.5574933e-01  -1.7437631e-02  -1.4105778e-02   6.8360325e-02   5.4238639e-02  -1.3714401e-01   6.5740367e-02  -6.6722369e-02  -9.2001840e-02  -1.0031390e-03   3.9765656e-02  -1.5037646e-01   5.2174781e-02   4.2464217e-03   1.2931814e-02   9.0771779e-03   1.5946392e-01  -2.5807059e-01   1.6125387e-03  -2.2260563e-03
  -4.6558742e-02  -1.2652268e-01  -5.7074309e-03  -1.0493820e-01   1.5349031e-01  -1.4797651e-02   1.7576998e-04  -9.3589247e-02  -4.5878369e-02  -8.4161567e-03  -3.8522756e-04   6.9981637e-02  -4.6606411e-02  -4.5700617e-03   3.9237733e-02  -9.3120519e-03  -4.9334716e-02  -3.6376567e-03   2.0974617e-01   4.0761773e-02  -5.2193116e-04  -1.1478175e-01  -1.2163716e-01  -1.2918236e-03   1.2168097e-02  -4.3867630e-01   6.7106146e-02  -6.8973843e-02  -1.3457678e-03  -3.6066811e-02   8.6042297e-01  -1.0410541e-01   1.3251292e-02   2.2368773e-02
  -1.8651853e-02  -1.6217053e-02   9.6041772e-03   2.1294518e-03  -1.0827146e-02  -6.2436489e-03   3.4379446e-03   1.2437901e-02  -1.4967425e-01   1.8645391e-04   3.9864569e-02  -3.6822617e-02  -9.8209509e-02   2.2121738e-02  -3.8007533e-03   2.4294763e-02   1.4398204e-01   1.0816521e-01  -5.5549150e-03  -5.0736314e-01   1.5096851e-01   7.0733689e-02   2.8780473e-04   7.6722681e-03  -1.8111544e-02  -2.9611017e-02   4.7664217e-02  -1.0394622e-02  -1.4629375e-02   5.2206391e-03   2.5181836e-02   2.1339753e-01   1.4989974e-02   3.8527296e-02
   4.9205368e-03  -4.9673769e-03   6.5572453e-03   4.5047214e-02  -1.5852908e-01   1.8836854e-03   7.0109029e-02  -1.9685613e-02  -4.8396071e-03   3.0387028e-01  -3.5712075e-02  -1.1887744e-02  -6.9128335e-02  -4.0294391e-02  -4.5160806e-02  -1.7540054e-02   1.9998034e-02   4.0063255e-02   3.9681400e-02  -6.1825143e-02   2.1689149e-02  -7.9866713e-02  -2.0963690e-02  -6.0771886e-03  -8.9456189e-04  -6.9184988e-03   1.9819419e-03  -4.5722665e-03  -5.4904556e-03  -1.0008789e-02   2.1539638e-02   5.4106840e-02  -1.9779647e-02   1.2584824e-02
  -3.3444760e-02  -5.0583869e-02   1.6031071e-01   7.5120486e-02  -2.9625354e-02  -1.5403507e-02  -5.2247785e-02   8.1137030e-02  -3.6534154e-02  -7.1928620e-02   3.0674895e-03   3.2092250e-02   1.7819225e-02  -1.1470253e-02   1.1381231e-02  -6.3876443e-03  -1.9933270e-02   2.0917986e-02   2.3852369e-02   6.8104764e-03  -5.0224659e-03   1.4406615e-02  -2.5421672e-02  -6.4205234e-03   9.3401340e-03  -1.7222911e-02   2.7536571e-02  -1.1288330e-02   1.9938732e-02   4.6320417e-03  -4.2548080e-02  -5.4267707e-02  -2.4270741e-02   5.9549837e-03
  -4.0870057e-02  -7.3002509e-02  -1.0958623e-03   5.0929105e-02  -1.7970512e-01  -6.6317481e-04   7.9628543e-03   6.5173479e-02  -2.9417025e-02   4.5374743e-02  -1.0492926e-02   9.0462048e-03  -9.8439636e-03   1.3287123e-02  -6.9264280e-04  -2.8862894e-02   1.1151681e-02  -1.1257668e-02   6.8210852e-02  -2.7231698e-02   1.8886659e-02   5.0003197e-02  -1.3561163e-01   1.7484455e-03  -3.8590531e-02   1.2362806e-01   3.8351808e-01  -2.7609048e-03   6.4597265e-02   9.1225657e-03  -2.2805089e-01  -8.8528758e-02   1.3907437e-02  -2.6486227e-02
   9.9344880e-03   1.1721422e-02  -1.0955617e-03   6.2784563e-03  -1.0261317e-01   7.4975121e-03   8.6889780e-03   3.0161532e-02  -1.5334934e-02   3.2783506e-02  -2.2088818e-02  -2.4439341e-02  -1.0904690e-01  -7.9052162e-02  -1.3836200e-01   2.0253612e-02   1.8894684e-01   1.2910839e-01   8.7817517e-02  -4.7047644e-02  -2.9212725e-02  -1.3861576e-02  -6.0864734e-02  -1.0786002e-02  -1.8554057e-03  -1.8642527e-03   6.5439009e-03  -4.0862608e-03  -3.8635292e-02  -2.4616291e-03   7.2478269e-02   9.5396827e-02  -2.1564057e-03   4.5483335e-03
   6.4616039e-03  -1.0214169e-02   4.0499464e-03  -7.1287041e-03  -6.4856097e-02   1.3369667e-03   2.4083222e-03   3.3940591e-02  -2.2295284e-02   2.4810373e-03  -6.6584680e-03   1.2473661e-02  -2.7249847e-03  -2.2534855e-03   8.1699437e-03   9.4865295e-03   2.4587184e-03   1.7018643e-02   4.2119966e-03  -6.8860277e-02   9.2912882e-03  -2.4253084e-02   7.2864163e-03  -1.6066505e-03   3.5025898e-01  -8.2562839e-02  -1.7016762e-01  -7.6089246e-03  -5.0017903e-02   2.7915576e-05   1.3596007e-01  -1.5631077e-02  -4.5482475e-03  -4.6084011e-02
  -1.6809855e-02  -2.8050202e-02  -2.3227951e-03  -6.4181055e-04  -4.1986704e-02   4.5312178e-03   5.4574786e-03   3.2611678e-02  -3.0217401e-02  -7.7836276e-03  -6.8316306e-03  -2.5595344e-03  -1.3597263e-02   1.9716582e-02   5.6881742e-03   3.4614542e-03  -1.1273414e-02   3.2817016e-02   5.5583681e-03  -2.1720718e-02   7.3254848e-03  -5.6655136e-02   3.3640423e-02  -2.1429117e-03  -4.0332748e-02  -5.1451571e-03  -9.5989003e-02   1.9939570e-01  -1.0544472e-01  -1.8895357e-03   1.7947151e-01   1.3741818e-02   7.6821882e-04  -4.6867499e-02
  -7.1250375e-02   2.0655105e-01  -2.4263788e-03  -2.6986075e-02  -6.0256503e-02   1.9033453e-03  -4.5432463e-03   2.1883371e-02   1.4634476e-03   1.4302363e-03  -5.2029080e-03   4.2713000e-04   1.3652919e-02  -1.2202009e-02   8.2414468e-03  -8.8674392e-04  -6.6843926e-03   4.2785265e-03  -3.4305175e-03   4.9497188e-04   7.4443973e-04   2.0784002e-02  -3.1032791e-03   2.7260519e-04  -1.4001739e-03   1.0909342e-02   8.4110673e-03   1.0726146e-03  -1.7624999e-02   2.0833898e-03  -5.5608809e-02  -2.9241822e-02  -4.5081000e-03  -7.9471159e-05
  -6.0821582e-03  -9.8965795e-03   2.0549684e-04   1.3277396e-03  -8.7840003e-03  -1.9242527e-04   4.6739971e-03  -1.0307925e-02   1.0821164e-02   7.2244749e-03  -7.8665981e-03   5.0171980e-03  -3.9229533e-02   1.3749951e-02  -1.6488761e-03  -2.6985861e-03  -8.0988850e-03  -1.7675524e-02   6.8678296e-03   1.3852777e-01  -1.1057946e-01   4.0490132e-03   6.9335856e-02  -2.0584369e-01   7.7193560e-02   6.1566317e-03   1.3611341e-02   2.2087934e-02   4.5576255e-03  -7.3075997e-03  -7.7780053e-03   2.2048377e-02   7.1901664e-03   1.7348274e-02
  -4.8763393e-02  -6.4626507e-02  -2.8255137e-03  -8.5804667e-03   1.6274825e-02   3.5127221e-03   6.2294308e-03  -2.2166071e-02   2.3453510e-02   1.7513943e-02  -1.0246214e-02  -6.6416949e-03  -1.8427375e-02   1.9609945e-02  -9.7692405e-03  -4.1208990e-03  -4.6136394e-04  -5.0916014e-03   1.4177284e-02   1.8799838e-02  -9.1297532e-03  -3.5496209e-02   5.6130347e-03  -3.6090283e-03   8.1842845e-03   1.5164353e-02  -5.5689121e-02  -2.3029353e-02  -1.0422096e-01   1.4591298e-01   8.5542472e-02   3.4386578e-02   9.8124829e-03   5.5723675e-03
  -4.1398603e-03  -1.8638437e-02  -2.7341056e-02  -1.0145183e-01  -3.9419252e-03   2.0539628e-01  -1.6036282e-02   1.3594567e-01  -3.5431811e-02  -1.0550635e-01  -5.3992703e-03   9.1248369e-04  -1.9453400e-02   2.6225359e-03   1.6420721e-02   1.0702378e-02  -1.7643746e-02   2.5180197e-02   1.3740383e-02  -3.8666807e-03   5.6454440e-03   2.3829582e-02  -4.3442837e-02  -4.1721860e-03  -2.4403617e-04   1.1384747e-03   3.4418592e-02  -4.3889265e-03   6.5368916e-03   4.5826691e-03   2.1103663e-03  -6.1974860e-02  -7.5283186e-03   1.0242900e-03
  -2.7901577e-03  -6.0562324e-03  -5.6221214e-04   5.6796604e-03  -2.2660493e-02   2.0461733e-03   1.5657944e-04  -6.9442796e-03   3.8634233e-03   6.5567772e-03   3.5322453e-03   2.1770717e-03  -2.6554429e-03  -1.0715936e-02  -6.4660543e-03  -5.9128953e-04  -1.0554608e-03   1.9040003e-02   4.2246962e-02   5.1886471e-02  -2.9859593e-01   2.5163235e-02   6.0405651e-02   8.2390359e-02   2.7793806e-02  -1.0109081e-02   1.7267515e-02   1.1128301e-02  -8.0530011e-03  -1.9394129e-03  -6.1280632e-03   2.5401634e-02   7.0756054e-04  -7.8981154e-03
   1.8016507e-04  -4.4367338e-03  -3.8901937e-03  -5.4852068e-03   3.0612144e-02   5.6190982e-03   1.3238107e-01   6.9688182e-02   3.3710145e-03  -2.3692965e-01   1.3543225e-02   2.0056209e-02   1.4487373e-02   9.0726708e-03   1.8574585e-02  -2.4386429e-03  -2.6440744e-02   2.8790559e-02   2.8803124e-02  -1.4319076e-02  -4.0774702e-03   3.7974919e-02  -3.7687896e-02  -1.4761971e-03   7.4972874e-03   1.1125273e-02   7.9111886e-03  -2.4320715e-03  -1.7448360e-03  -1.9676445e-04  -1.8849124e-02  -6.4423776e-02  -7.1263583e-03   1.7672175e-03
  -7.7770245e-03  -4.1884861e-02  -1.1141059e-02   2.9019925e-01  -5.2476514e-02  -5.3825043e-02  -5.0591252e-03  -3.7148625e-02  -1.1417447e-02  -6.0916246e-03  -1.3738940e-03   4.4298660e-03   1.7444954e-02   6.8221871e-03   5.8044290e-04  -3.8546959e-03  -7.3106527e-03   4.4167533e-03   9.8304652e-03   1.3778288e-03  -1.1739817e-02   1.6328420e-02   1.9755227e-02   1.5235584e-03  -5.7689974e-03   3.7289478e-02  -2.2146821e-02   2.3990574e-04   9.3198827e-03   3.1680970e-03  -1.0630070e-01  -3.7621889e-02  -7.5005904e-03   2.5246370e-03
   1.2002296e-02   2.0918092e-02   6.8943644e-05  -3.7526385e-02   2.3894765e-01  -3.2615949e-04  -3.6851014e-03  -5.1089360e-02  -2.5373918e-02   2.9700710e-02   1.9219400e-03  -1.1520257e-03  -9.2605927e-02   1.2477103e-02   1.4861101e-02   2.7388225e-02   2.2436279e-02  -1.9859944e-01   2.8763449e-01  -8.6323402e-03  -6.4811213e-02   9.7092989e-02  -1.7518426e-02  -5.8300989e-03   1.2982237e-03  -1.1536013e-02   1.2669108e-02   1.0304837e-02  -3.7008001e-02   4.0252792e-03  -1.1151483e-01  -1.2080850e-01   2.0264836e-03   8.0623746e-03
   1.0543668e-02   6.3100924e-03  -8.4824247e-04   6.7262542e-03  -1.3383285e-01   3.4080893e-03  -1.9778498e-03   7.4274753e-02  -6.2011177e-02  -5.9270627e-03  -5.3862214e-03   3.5182233e-02   9.5011580e-02  -3.1415770e-02   9.0655174e-03  -1.2630213e-03   4.7489390e-03  -4.0760526e-02  -1.5223424e-02   6.1448948e-03  -1.5927360e-02   1.4488306e-01  -4.3405626e-02  -3.6282900e-03  -1.5291813e-03   2.3614209e-01  -1.0943728e-01  -6.0719143e-03  -3.3901912e-02  -2.2653583e-03   1.2171356e-01  -2.4460050e-01  -1.8066764e-03   7.9325078e-03
  -4.5686105e-03  -8.7049827e-03  -8.3935219e-04  -9.3818216e-03   4.3665777e-02  -8.9885344e-04  -1.7291358e-03  -1.8334263e-02  -2.0098398e-02   1.5163467e-02   1.0568238e-02   3.4294683e-02   2.8399239e-02  -1.6368900e-02  -1.3990886e-01   2.3095338e-01  -8.0604366e-02  -1.6334414e-02  -3.0452630e-02  -7.4177262e-03   1.2653562e-02   3.3198251e-02   5.5331168e-04   3.3263990e-04  -7.6003358e-04  -3.0904096e-02   1.8857305e-02   3.2180340e-03   1.2569015e-02   2.0625054e-03   2.7950680e-04  -5.2239558e-02  -3.2981590e-04  -5.3850961e-03
  -1.4873160e-04  -6.4606884e-04  -1.6357053e-03  -1.5195218e-03   1.5657188e-02  -1.0681778e-03   3.9185158e-03   2.7435089e-02  -2.4939275e-01   1.9064535e-02  -6.5560442e-03   1.8260008e-03   2.1783799e-01   2.7536526e-02  -1.8368222e-02  -3.4834523e-02   4.5533446e-02  -9.8361815e-02  -5.7296424e-02   4.9845416e-02   2.7060123e-03   5.0736635e-02  -2.7620156e-02  -2.0206483e-03   9.7643099e-03  -9.8946845e-02   1.3903409e-02   2.1188929e-03   1.1262633e-03  -1.3904523e-03   2.1546731e-02   9.1935740e-02   2.4492670e-04   1.7629735e-03
  -3.0639869e-02  -2.7470429e-02  -5.2987431e-03  -1.2304215e-02   7.0205825e-02   1.0214015e-02   8.7132159e-04  -1.8581222e-02  -2.3329263e-02   8.2953500e-03   2.0516385e-03   1.3536845e-02  -4.7462050e-03  -6.1950241e-03  -2.2671641e-03  -1.5121592e-02   1.2728362e-02   1.6349283e-03   3.0749956e-02  -2.6568947e-02  -9.6962580e-03  -1.2518124e-02   5.2163261e-02  -2.6603268e-03   1.0326637e-02  -1.9222802e-02  -1.3408136e-01   7.8232685e-03   1.8987088e-01  -5.0638090e-04  -8.3220014e-02   1.3171716e-02   5.2933102e-03  -5.6118432e-03
   1.3963264e-03   2.6531538e-03   4.1300466e-04  -9.3904481e-03   9.8250853e-04   4.6630507e-03  -1.5436407e-02   2.0057271e-02  -5.0646412e-03  -9.9020506e-02   1.8292594e-01  -5.9987326e-03   1.5880098e-02  -2.7182384e-02  -7.1598048e-02  -1.9996948e-02   4.6104829e-03   2.3901347e-02   6.5552357e-03  -1.4889732e-02  -5.1190895e-03   1.7118449e-02   1.9056571e-03  -2.3918421e-04  -5.0772761e-04  -5.3778245e-03  -1.8065554e-03   2.5544987e-03  -1.1466630e-02  -1.0182160e-03   2.4681663e-02  -9.9145823e-03   1.1905070e-03   2.6067596e-03
   1.0803992e-03   3.9867841e-03  -2.9091146e-03   3.1182113e-04  -1.4620934e-02   1.6115256e-03  -1.8150241e-03  -1.3911404e-02  -1.3531124e-02  -5.3128320e-02  -1.7337719e-02   1.9442050e-01  -8.7517983e-02  -3.5476350e-02  -7.0394675e-03  -1.2609001e-02   3.7182376e-02  -1.9297796e-02  -7.2238481e-03  -3.3640695e-04   1.1724126e-02  -2.3681982e-02   1.0808602e-02   5.4672997e-03  -6.6202309e-03   1.1606917e-03   5.4091630e-03   1.5065255e-03  -5.6118888e-03   9.7785859e-04  -6.1042349e-03   5.0354046e-02   2.9020270e-03   9.7165207e-04
   6.3615270e-03   1.4193960e-02  -8.1144725e-05   4.8631766e-03  -3.2420279e-02   4.9055132e-05  -1.5505435e-03   1.5007702e-02  -1.0927417e-01   8.8890836e-03   2.2840629e-03   1.1555130e-02  -9.9958462e-02  -1.1459371e-03   3.2612362e-02   6.7953776e-03  -8.5184212e-02   1.1121377e-01   4.9111882e-02   6.2392679e-03  -2.6536333e-02  -2.1143942e-02  -1.3714035e-03  -6.3914848e-04  -5.6500959e-03   3.1828521e-02  -9.2820436e-03  -1.0418691e-02  -6.8227129e-03   1.0796072e-04  -3.6256770e-02   1.4373582e-01  -2.4261006e-03   2.2669097e-03
   1.6882854e-03   3.6336560e-03  -1.8675100e-03  -8.4530916e-03  -8.8822377e-03  -8.3458441e-02  -5.2640677e-03   2.1224777e-01  -2.8596243e-02  -3.0927202e-02   1.7564820e-04  -1.0969699e-02  -1.7712909e-02  -7.2216161e-03   2.7532885e-03   8.5196099e-03  -1.1323077e-03   1.2350144e-03   1.1479522e-02  -4.3868736e-03   9.0456647e-03  -3.6085618e-03  -2.3609493e-02   8.4564895e-04   8.8275573e-03  -7.2916514e-03   5.9693110e-03  -3.5265938e-03   5.1844665e-03   1.0889475e-03  -3.8661566e-03  -3.1892224e-02   2.7038955e-03   6.1668145e-04
  -2.9489398e-03  -3.3902693e-04   1.0203487e-03  -8.1833746e-03   7.0793506e-02  -3.0316605e-03  -1.9659834e-03  -3.0677159e-02   2.8277650e-03   6.8154665e-03   1.8697258e-03   1.3308979e-03  -1.2407854e-02  -3.8660597e-03  -1.4163033e-03  -4.9651581e-03   4.8425242e-05   7.9052376e-03   2.8232814e-02   4.4906939e-04   3.0152392e-02   1.2769840e-02  -2.0837591e-01  -7.4506040e-04   4.6568570e-02   9.2007449e-02  -1.6615552e-02   6.1941960e-03   1.6997032e-02  -6.0036600e-04  -7.0687464e-02   4.5913833e-02   6.8995908e-04  -2.7156849e-03
   3.0036581e-03   7.6563857e-03   1.1563417e-03   5.8055567e-04  -1.7662023e-02   3.5674616e-03   1.9345556e-03   1.0838432e-02  -1.1052702e-02  -2.3756454e-02  -1.5244032e-02  -1.1716879e-02  -7.6352622e-02   1.7497549e-01  -7.8785316e-02   5.0011642e-04   1.3844213e-02  -1.5272163e-02   9.9195426e-03   1.1749259e-03   2.1331291e-03  -2.3305368e-02   6.0212383e-03   4.3638061e-03  -1.4896584e-03   5.1637559e-02  -1.7582365e-02  -5.0619572e-03  -4.0521928e-03  -1.4309085e-03  -3.1605235e-03   4.6953123e-03  -5.6244372e-04   1.6480341e-03
   1.1228978e-03   3.3414973e-03   4.5084930e-04  -3.0395359e-02   1.8292116e-01  -6.3042081e-03  -1.5278290e-03  -2.8691883e-02  -2.5803132e-02   1.3073123e-02  -6.7798907e-04   9.5134684e-03   3.5660477e-02   8.3003421e-03  -6.3594938e-03  -2.3143776e-02  -6.1519568e-03   7.1199646e-02  -6.8819943e-02  -4.8637189e-03   9.7164022e-03   1.2024657e-03   1.8630145e-02   4.4954457e-04   1.4915924e-04   4.7596513e-02   8.5154434e-03   3.6908377e-03  -1.0398218e-02   5.8690385e-03  -8.2910994e-02  -1.2721169e-01   1.7224794e-03  -7.5430085e-04
   1.2965320e-03   3.7619659e-03   8.5275407e-04   9.2350274e-04  -6.7240273e-04   1.6840069e-03   9.5103691e-04   6.8802121e-03  -8.3828323e-03  -4.5981913e-03   3.0634389e-03  -3.9655640e-03   1.1767775e-01  -2.5072199e-02  -2.1277153e-03   1.2205667e-02   5.1786116e-03  -3.3511252e-02   6.0558797e-02  -6.6591370e-03  -3.0130889e-03  -1.9684201e-01   4.8104831e-02   1.5433118e-03  -8.4614557e-03   8.2557703e-02  -1.0739921e-02  -4.7730345e-03   1.4687387e-03  -1.3836799e-03  -3.2727658e-02  -2.9537375e-03  -1.4602270e-04   1.9151772e-03
