   1.9898509e-01   2.0953493e-02  -2.9168147e-02  -2.3392052e-02   2.7017827e-03  -4.0194135e-02  -2.8541218e-02   5.8907852e-02  -7.6597636e-03  -9.6031966e-02   1.3752432e-01   9.0129168e-02  -3.9972305e-02  -9.6398844e-02  -3.7791436e-03   3.2466257e-02  -6.7155627e-03   4.0653449e-02   6.2792779e-02  -1.1617358e-01  -5.8306676e-02   1.3627726e-01   6.1021399e-02  -7.4693794e-02  -3.8537490e-02  -9.5255381e-03  -1.4742292e-01  -4.8763942e-02   8.3897742e-03   2.0271654e-01  -2.3604853e-01  -7.0172408e-02   4.4165097e-02   2.0201477e-01
  -3.5782240e-03   1.0385140e-01   2.1940692e-02  -3.8562825e-02   4.4097493e-01  -1.5502476e-01   4.4824190e-02  -5.5247089e-02   9.1134001e-02   1.0143947e-01   6.0466549e-01  -8.1705545e-01   1.0791576e-02   2.9343438e-01   2.3142130e-02   3.6638390e-02  -4.6905567e-02   1.4898367e-01  -2.2851994e-01   4.0746442e-01  -1.5611177e-01  -6.9583211e-01   4.1707508e-01   1.0665085e-02  -5.1702332e-02   2.2678040e-01   7.5649730e-02   1.1324522e-01  -3.5764301e-01  -7.5907549e-02  -1.4032347e-01   3.4171733e-01   7.4025164e-02   2.7398177e-02
  -6.0423739e-02   1.5293611e-02  -2.3794593e-02  -2.5815714e-02  -2.7286600e-02   8.0144889e-03   2.2311913e-03   1.5244037e-02  -1.6335371e-01  -1.1137138e-02   8.0556964e-02   1.4291880e-01   2.1572045e-02  -7.6730968e-02  -3.0097474e-02   3.2094294e-02  -2.7434282e-02  -1.2595394e-02   8.0930245e-02  -5.6580646e-02  -3.3607316e-02   4.1215928e-02   4.9946895e-02  -4.4017046e-02   5.1103086e-03  -8.0736852e-02   1.5275086e-02  -2.6839999e-02  -9.3677111e-02  -1.3102099e-01   1.5398847e-01   4.4478405e-02  -2.6544507e-02   2.9811217e-01
  -3.6373871e-03   3.7829929e-02   1.6120547e-02   4.7213521e-03  -3.7679515e-02  -2.7022016e-03  -7.9814926e-04   7.5383312e-03  -2.3196605e-02   2.2848537e-02  -1.9386213e-01  -6.0267605e-02   7.0131657e-02   8.8915502e-02  -8.9737267e-02   2.6556280e-02   1.9236582e-02   8.3285799e-02   7.4035698e-02  -5.4314626e-01  -3.8178764e-02   4.7185056e-01  -5.6443270e-02  -3.2143950e-02  -1.1839872e-03   1.7846989e-02   9.6991272e-02   4.0477370e-02  -1.6920041e-01  -3.0335623e-03  -8.9328579e-02   1.4329955e-01   1.1655697e-02   3.9491697e-02
  -2.9494762e-02  -2.2462382e-03   5.6449754e-03  -2.0796582e-02   4.0706612e-02  -3.2790201e-02  -1.3270108e-02  -6.1108764e-03   7.6979092e-02  -2.0362986e-02  -4.8616671e-01   3.4505433e-01   1.1195174e-02   3.9113188e-02  -7.3075658e-02  -1.6285472e-02   4.3669007e-02  -1.5412044e-01  -1.9851803e-02   4.6296403e-01   1.3430746e-02  -2.2915049e-01  -3.5636014e-02   5.5202896e-02   5.5116400e-02  -1.1396775e-02  -1.6681897e-01  -4.0468701e-03   1.4206192e-01  -4.2657996e-02   5.9657540e-02   4.0866170e-02   2.2239254e-02   5.1353252e-03
   3.6183333e-02  -9.5388819e-03  -1.6261123e-02  -6.3941341e-03  -2.7612846e-02   4.1215005e-03   8.2750502e-04  -9.2075641e-03   5.5008538e-02   3.0070819e-02  -9.5865679e-02   3.9853375e-02  -3.4196843e-03   8.4348905e-03  -1.9660544e-02  -8.6177668e-03   1.6177240e-03   7.3387313e-02   7.4481193e-02  -9.1351160e-02   3.9210273e-02  -8.8149689e-02  -8.1522089e-02  -5.5142807e-03   2.6396440e-02  -1.8854773e-02   8.2686569e-02  -1.8784596e-02  -1.5235918e-01   3.5483645e-02   1.7159676e-03  -2.0506272e-02   2.2180348e-01  -2.9175876e-02
   1.1321843e-02  -6.7027659e-03  -5.1855055e-03  -1.5010712e-02   9.6132519e-03   1.7884519e-02  -1.0870820e-02  -5.9969323e-02   4.4425484e-02  -1.8251369e-01  -1.0967879e-01   8.6153367e-01  -2.8510387e-02  -3.9797154e-02  -4.8710683e-02  -1.6947056e-02  -9.3809348e-04  -2.2668504e-01   9.6353625e-03   4.0992218e-02   1.0827313e-02   1.7358420e-01  -2.3090699e-02   4.7896452e-04   1.5046767e-02  -4.7671673e-02  -9.8894352e-03  -2.1246322e-04  -5.0608340e-03   7.1134203e-03   3.9505025e-02  -3.6571700e-01   4.7865545e-03   7.1466330e-03
   6.7058832e-03   4.7137869e-03  -1.6442627e-03   3.2201666e-02  -8.9483022e-02  -7.5153758e-04   4.9107438e-03   7.0190058e-02  -9.9020928e-04  -1.0029024e-03  -3.3852548e-02   3.0143353e-02  -3.6581629e-03  -3.9635026e-02   7.1970240e-02  -9.1220523e-03  -4.5760236e-02  -3.0276278e-02   8.5609979e-02  -3.4197508e-03  -5.5457373e-02   1.1611230e-01  -5.5558403e-02  -5.9391978e-03  -4.9741034e-02  -6.6335159e-02   7.5036303e-01  -2.9003925e-02  -2.6252451e-01  -3.4598212e-03  -1.1043707e-01  -2.5190447e-01   1.2877628e-02  -1.5361485e-02
  -9.9123815e-04   5.1610044e-03   9.5905941e-04   2.7032916e-02  -2.8679585e-02   6.1620348e-03  -5.5881264e-03   5.9979981e-02   1.5766068e-02   1.7586701e-02   1.6902923e-01  -3.3960265e-01  -1.9153979e-02   4.2392029e-02  -1.5001311e-01  -8.1791258e-04  -1.4478125e-02   2.8770847e-01   4.0131024e-02  -8.3825632e-02  -5.0926445e-02   3.6355963e-01  -6.0908423e-02   4.2126937e-03   2.3089938e-03   1.2324608e-02  -2.2144824e-02  -2.1075044e-03   1.7562783e-02   8.2935161e-03  -2.9078472e-02  -2.4519176e-01  -1.7005027e-03  -1.1934139e-03
  -7.5657916e-03  -6.7154014e-04   1.1114139e-02   1.3486111e-02   6.5327047e-03  -8.6910921e-03   1.4653215e-03   1.6222537e-02  -4.5818929e-02   4.4267952e-02  -2.2240821e-01  -5.9402125e-02  -3.8131176e-04   3.5091233e-02   2.5945223e-01   3.4018549e-02   3.8720506e-02   8.2169231e-02  -2.5600827e-02  -8.5467079e-02   1.6645959e-02  -7.5669952e-02   9.8220559e-03  -7.7002487e-04  -5.1444885e-04  -3.5253520e-02   2.3494228e-02  -2.9415842e-03   1.8092103e-02   1.2523243e-03  -1.0026862e-02   1.1044608e-02   1.8288791e-03  -4.5710748e-04
  -2.5898981e-02  -1.3336901e-02   8.0635707e-03  -1.2219410e-02  -9.9789724e-02  -3.1689136e-02  -8.5467785e-03   6.5088121e-02  -5.3649334e-02  -7.5404150e-03  -8.9963804e-03   1.6718070e-02   8.0852605e-03   3.9592142e-02  -6.5951509e-04   1.6235066e-02   5.4644347e-03  -9.2843793e-02  -1.0688393e-02   1.6110831e-02  -2.4008325e-02   2.3095178e-01   5.5536763e-02   1.6958052e-03  -9.0515632e-03   8.3321967e-03  -1.6602089e-01   2.0969974e-02  -2.8788233e-01   7.2717497e-02   6.2620584e-01  -3.4274212e-01   4.0296201e-03   1.1070372e-02
  -9.8175947e-03   8.8785909e-03   1.4388720e-02  -2.1172170e-02   4.3965103e-01  -3.9047657e-02  -2.0183188e-02  -7.3722695e-02  -2.1602311e-02  -4.4681675e-02  -1.8096833e-02   7.1508745e-02  -6.6855561e-02   2.6879071e-02   6.0606303e-03  -2.5971398e-03  -2.1447734e-02  -1.1794533e-02   2.7767097e-02  -3.2601852e-02   9.5416402e-03   1.8647878e-01  -6.7374929e-02  -2.7492390e-03   3.1517122e-02   3.6988803e-02  -3.2279794e-02   2.3535572e-02  -4.4649169e-02   1.9083037e-02  -1.0775782e-01  -3.0193442e-01  -3.2627987e-03  -2.6044560e-03
   1.7821724e-02   1.4853094e-02   5.4456987e-03  -7.4669062e-03   3.4403918e-03  -3.7419731e-03   6.0527593e-03  -1.1099040e-02   1.9464232e-02   2.5423087e-02   2.1969607e-02  -7.3137779e-02  -2.9619001e-02   8.3418212e-02  -4.5249926e-02  -2.3086212e-03   1.0164009e-02   3.6130176e-02  -2.9700780e-02  -5.5025168e-02   2.7844823e-02   8.7865224e-02  -1.6383758e-02  -3.1538230e-03  -3.3926347e-03  -6.2839179e-02  -2.5962694e-01  -1.3486387e-03   6.6707536e-01  -2.9616170e-01  -6.5205075e-02  -5.3111389e-02  -2.9842328e-03   1.2504380e-02
   2.8171916e-02   3.1497206e-03   4.4992728e-03   1.5674453e-02   2.4217547e-02  -3.3853671e-01   2.3113511e-02   3.3000913e-02   8.3115142e-03   1.7805452e-01  -8.7630075e-03  -4.8068687e-02   7.1154195e-03   1.2681637e-02  -3.4072757e-02   1.1023733e-03   1.7550207e-02   4.8340777e-03  -1.8377267e-02  -2.0641854e-02   8.5962350e-03  -2.8027504e-02   8.6099383e-03   4.9093841e-03   5.2158610e-03   6.9305683e-03   1.1005190e-02  -6.0111140e-03  -1.7383008e-02   6.2147314e-03   2.0838680e-02   2.8992454e-02   3.4233497e-02  -6.0971773e-03
   1.3644921e-02   9.8060951e-04  -1.5148376e-03   5.8330326e-03  -2.9559699e-03  -4.1713328e-03  -8.9823681e-03   5.2646524e-03  -3.1614398e-03  -2.8030465e-02   4.1612907e-02   3.0220253e-02  -8.6665623e-03  -1.7472818e-02   8.5409348e-03  -3.6060098e-03   2.7853407e-02   3.7980036e-02  -2.8668735e-02  -2.1990203e-01   1.5486058e-01  -2.7375815e-02   6.2907758e-03   1.7275753e-01  -6.0586715e-03  -3.3487075e-03  -6.3109922e-02  -3.7370766e-02   2.7428912e-02   1.2094582e-02  -9.7105087e-03  -2.6283706e-02  -5.7853892e-03  -2.0871826e-02
  -2.4535282e-04   1.7928432e-03  -9.1342814e-03  -3.4132862e-03  -3.9677632e-02   1.3517586e-02  -7.3419018e-04   2.1356863e-02   5.1688124e-03   3.8568240e-02  -1.1273767e-02  -3.0776116e-01  -6.0064335e-02   3.6678321e-01  -3.4341320e-02   1.7934038e-02  -6.3786072e-02  -1.4200242e-01  -4.8206013e-02   1.1937606e-01  -9.6170211e-03   1.7897891e-01  -4.2976692e-02   1.9427867e-03   1.3534869e-02   1.0650926e-03   2.2176929e-02  -5.7879932e-03  -2.6629031e-02   2.3183382e-02  -2.6979156e-02   2.5848587e-03   2.3892030e-03  -3.3317951e-03
   1.3959598e-02   6.1484779e-03   9.2842200e-03  -3.9798336e-03  -3.5118688e-02   9.1593941e-03  -7.4739037e-02   6.4375736e-02   1.9884261e-02  -3.1441652e-01   1.5884141e-01   6.3026236e-02  -1.9162336e-03   2.9346998e-02  -1.5521128e-02  -8.5588047e-03  -2.4731269e-02  -6.4075061e-03   4.2148116e-02   1.5457009e-02   8.5631200e-03  -7.8818893e-02  -2.4226739e-02   5.5592224e-03   6.5845083e-03  -2.4869766e-02   3.2252702e-02  -1.2011023e-02   2.5278418e-03  -1.8244608e-02   2.2193055e-02   1.0637069e-01   2.1423793e-02  -7.1820360e-03
  -5.0906264e-03   6.7921437e-03  -4.0590380e-04  -3.9162158e-03   7.5661176e-03   7.4615916e-04   3.9682659e-04  -9.2824165e-03  -2.6547942e-02   1.5100880e-02   3.1686466e-02  -6.3834386e-02   1.0330276e-02  -4.1899233e-02   4.8101438e-02  -1.1438938e-02  -3.5562286e-03  -4.2306850e-02  -1.5982581e-02  -2.4715323e-03   1.5762460e-01   2.6441844e-01  -4.6503190e-01   1.2312447e-02   2.7088768e-02   2.2774825e-02   1.4071261e-01   1.2200706e-02  -6.5665043e-02   4.0321725e-03   6.0918570e-03   1.8199789e-02   1.8775669e-03  -8.7099813e-04
  -2.0853108e-02   1.9888828e-01   9.1245249e-04  -2.9216114e-02  -3.5485227e-02  -1.4595744e-02  -4.2488419e-03  -5.6812146e-03   1.5342728e-02   3.1937456e-04  -9.5744627e-03  -3.7619144e-03   1.0718929e-02  -6.9565771e-03   9.8002471e-03  -4.6009880e-03   9.1577961e-03  -2.6015684e-02   3.2980621e-02   3.9285096e-04  -1.0146937e-02  -2.9646626e-02   1.1435395e-02   3.5163974e-04   2.0673381e-02  -2.3179162e-02   1.8333290e-02   2.7045074e-03  -8.7086071e-02  -1.5925624e-02  -3.8073416e-02   3.2479412e-02  -1.1300904e-02  -1.3511420e-03
  -9.2546416e-04   2.6625636e-03  -1.9877665e-02  -2.4489237e-03   5.8185125e-03  -5.3641206e-03   1.3919478e-01   1.4164274e-03   4.2768694e-03  -1.6477224e-01   3.0918478e-03   4.2066794e-02   3.0923733e-04   8.2853791e-04   1.4039214e-02  -6.3174559e-03   4.8116677e-03  -2.5637711e-02   7.7533036e-03   1.5538670e-02  -1.2048390e-02   3.2547903e-02   9.3430036e-03  -3.3725814e-03  -2.5530669e-03  -6.0518009e-03  -8.8933017e-03   4.2077016e-03   5.3204093e-03   1.9736069e-03  -7.0400277e-04  -1.2612750e-02  -7.9609016e-03  -1.0754791e-03
   1.8499776e-01  -1.5876477e-02  -2.8928002e-03  -1.9869668e-02  -1.0773395e-02  -9.7152225e-03   7.6151384e-05   4.7101290e-03  -8.6157485e-03   4.3659163e-03  -2.5337026e-02   6.3113202e-03   6.7160130e-03  -1.7159084e-02   2.8637592e-02  -3.1747829e-03  -6.0060981e-05  -2.6859444e-02  -9.9212628e-03   3.7084856e-02   9.7025365e-04   1.9908041e-02  -1.1614481e-02   5.9899440e-03  -6.6707957e-03   4.0698416e-03   9.5899426e-02   1.3129735e-02  -1.3028925e-01  -1.3423171e-01   4.1496660e-02  -7.4679853e-03  -1.8459520e-02   8.0324775e-04
   2.2579038e-02   1.0527090e-02  -1.7618092e-01   4.1360616e-02   1.0776747e-02   6.0791129e-02   1.2703841e-02   1.1760347e-03  -2.9299295e-03   1.0144915e-02  -4.5882699e-03  -8.2661633e-03   4.1429123e-03  -3.3031911e-03  -2.1238021e-03   3.5242481e-03   7.9062222e-03  -2.5394052e-03  -9.1892993e-03  -4.1640378e-03   3.4174641e-03   9.7173639e-03   2.2833224e-03   2.5159752e-03   1.3712213e-03  -2.0575474e-03  -1.2301789e-02  -3.1113497e-03  -4.2521120e-03   1.2060055e-02  -4.2884173e-03  -1.4190215e-02   3.0733714e-02  -1.3764505e-03
  -1.0596867e-02  -1.3660960e-03  -5.4287315e-05   2.8082265e-02  -1.3428205e-02  -9.1382399e-03  -2.6326249e-03  -5.9725357e-03   1.6973470e-02  -3.8996035e-04   8.1988091e-03   1.0635618e-02  -3.3243971e-03  -1.2020595e-02   7.4671953e-03  -1.0650661e-02  -1.0182173e-02   3.4068431e-02  -2.8022362e-03  -3.0518806e-02  -1.2052230e-02   2.9442639e-03  -2.5953364e-03  -1.7423664e-02  -5.3204669e-03   6.8172894e-03  -8.9638796e-02   2.2220296e-01  -1.9800785e-02  -3.2605158e-02   1.7237558e-02  -6.5052769e-03  -1.9006437e-03  -5.7906557e-02
  -7.3352658e-03  -5.1553591e-03   2.7682639e-02   1.9094854e-01  -2.2327105e-02  -6.1314631e-02  -1.1535045e-03  -2.3833507e-02   4.5843241e-03  -1.5736478e-02   1.1477022e-03   5.6642456e-03  -5.2218258e-03   1.8081891e-02  -6.6540192e-03   2.0066016e-03  -1.5191361e-03  -3.4133124e-03  -1.4213229e-02   9.9609064e-03   1.8029511e-02  -3.9438087e-03  -1.3592960e-02   2.2154822e-03   2.0215146e-03  -9.6896670e-03   1.5388008e-02  -1.9301598e-02  -4.8058027e-02   5.9739130e-03  -5.9933065e-02   1.9535070e-02  -1.2690650e-02   1.4261603e-02
  -1.4723972e-03  -8.2969156e-03   3.5030385e-03   2.1176005e-03   3.3330520e-02  -1.6239666e-03  -3.1630309e-03   1.5605160e-02   5.1582187e-03  -3.3203143e-03   2.7838652e-02  -1.1448340e-01   1.6805877e-01   4.9329634e-02  -1.2943481e-02  -1.6820407e-03  -1.1662641e-02  -5.7289302e-02  -1.2653672e-02   3.7715500e-02   3.2747139e-03  -7.4672504e-02   1.7929878e-02   1.0445993e-03   6.3200375e-03  -4.5049038e-03  -1.1499653e-02  -3.1079321e-03   3.3890094e-02  -2.9753126e-03  -1.6434303e-02  -5.9819919e-02   5.5881877e-04  -4.7037982e-03
  -9.8522315e-03   3.9362459e-03  -4.0409319e-04  -3.6333216e-03  -1.0720729e-03   8.0114102e-03   6.6805147e-04   6.0035230e-03   2.4936095e-03  -7.9225275e-03  -9.8367380e-03  -8.0451495e-03   1.8754387e-03   1.4748497e-02  -1.7258461e-03  -5.2657237e-03   9.3568156e-03  -9.3674245e-03   2.9010978e-03  -9.5918380e-03   7.0630615e-02  -4.6220165e-02   4.1039473e-02   3.2802857e-02  -2.3705252e-01   1.0239341e-02   8.5552030e-02   4.1243279e-02  -7.2024309e-03  -3.1755319e-03  -4.6521234e-03   1.3632882e-02   2.0806929e-03   1.1062683e-02
  -1.6144676e-02  -2.3498416e-04   3.1372811e-03   1.3779368e-02  -4.4494740e-03  -9.2753598e-03  -9.8977458e-03  -4.9581946e-03  -4.1314198e-02  -5.8876817e-03   8.8915725e-03   1.1821332e-02   1.5540778e-02  -8.2073337e-02   8.9726208e-02  -1.4069458e-02  -2.2406151e-03  -8.0448040e-02  -8.4381991e-02   7.6432583e-02  -3.9458887e-02   2.2438655e-01   3.9036561e-02   1.8061506e-03  -6.1216005e-03  -1.6551923e-02  -9.2032196e-02   4.9211402e-03   1.0042882e-01  -9.9266380e-03  -2.1719091e-02  -3.4819359e-02   1.0439340e-02  -7.7744898e-03
   2.4391852e-03   1.1475590e-03   1.5968993e-03   2.0129841e-03   2.1869815e-03  -3.4121564e-03  -6.3045872e-03   8.2150013e-04  -2.7768537e-03  -1.3370984e-02   4.4743665e-03   2.4001031e-02   1.9462576e-03  -2.5699485e-03   3.4926945e-03  -3.2953386e-04   1.3811552e-02  -3.4562824e-03  -5.0064662e-02  -8.4456612e-02   2.7521740e-01  -5.9753686e-02  -1.5563195e-03  -7.9128469e-02  -2.5143892e-03  -5.7991928e-03  -1.1185803e-02  -6.0613323e-03  -2.9671283e-03   2.7974777e-03   3.3221000e-03  -5.3266045e-03   2.1879020e-03  -1.7122317e-03
   3.6024739e-04   9.9156107e-04   4.7239547e-04   6.7927729e-04  -5.0719079e-03  -7.9726813e-04  -4.8885787e-03  -4.7566442e-02   2.2691715e-01   4.9014455e-03   9.6253248e-03  -1.0637393e-01  -9.7335650e-03  -2.0336989e-02   2.7327096e-02   1.2932353e-02  -1.0408741e-02  -5.7511629e-03  -2.5764549e-02   2.0618833e-02  -3.3114689e-03  -1.0775424e-02   2.0421719e-02   1.2570082e-04  -9.8983664e-03  -1.7850088e-02   2.2653870e-02  -2.6962428e-03  -5.6068775e-03  -3.2319646e-03   9.7799919e-03  -6.8908938e-02   9.0695895e-04   4.4827247e-03
   6.3362600e-04  -3.9434230e-03   1.8243581e-03   1.0248644e-02   4.3522206e-04  -6.9647450e-04  -1.9781504e-03  -4.8645336e-03  -1.2052982e-02   1.1363540e-02  -1.0536980e-02  -2.1100642e-02  -8.8410898e-03  -9.7760198e-04   5.2290700e-02  -5.2602530e-03  -2.5585697e-02  -1.3941165e-01   3.5019033e-01  -2.4967149e-02  -5.4652463e-02  -1.3066563e-01   6.0943085e-03   1.1461920e-04   2.1267402e-03   2.3652584e-02  -3.9036478e-02   6.3774979e-03   3.2291750e-02  -9.9104163e-03  -9.8661866e-03   9.3469700e-03   8.3202360e-04  -2.7816633e-03
  -6.1191586e-04  -1.5896666e-03   6.3641525e-04  -7.6455323e-03  -8.3310203e-03  -5.5630972e-02   5.6708183e-03   2.5045936e-01   5.0119125e-04  -7.5951734e-02   1.6316988e-02  -8.2281458e-02  -6.2557389e-03   2.7018446e-03   1.6425754e-02   8.8648835e-03  -3.6759446e-03  -5.7358342e-03   1.9080922e-02  -2.2410919e-03   8.7946576e-03   1.7815230e-03  -1.9777424e-02   2.2097578e-04   7.6593838e-04  -4.1212734e-03   4.0475872e-03  -2.5268630e-03   5.5898853e-03   2.0620334e-03  -1.0948551e-02  -5.7046103e-02   1.6691099e-04   2.1543863e-03
   1.3837544e-03   6.3247428e-03   2.6358963e-04   8.0736019e-03  -2.8332796e-02   7.4011032e-03  -2.5051496e-03   7.2060490e-03   1.1283175e-02  -8.9326739e-03  -7.6019100e-03   3.2254574e-02   1.9062133e-03  -1.2340153e-02   1.1324054e-02  -5.8252385e-03   3.3037836e-03   1.2918835e-03  -2.2923841e-02   2.9785905e-03   5.5278567e-03   9.5405543e-03  -3.2595953e-02   6.2414810e-04  -5.0885194e-03   2.4683557e-01  -8.1535475e-02  -7.8888798e-03   3.2570722e-02  -3.5129575e-03  -6.5946199e-02  -1.1406486e-01   1.0093951e-03   4.5084368e-03
  -7.0235594e-05  -1.2912184e-03   2.8058835e-03   1.7188301e-03  -5.8377231e-03   2.0466501e-03  -2.2275488e-03  -2.1669552e-03   3.1814721e-03  -6.4613803e-03   8.3804283e-03   1.5573065e-02  -5.1471774e-03   9.3543173e-03  -5.6366225e-02  -8.5790336e-03   1.7228263e-01  -1.4160638e-01   2.9057921e-02  -4.0810380e-02   4.2285732e-03   5.2733915e-02  -2.2717875e-02  -2.2125592e-03   4.7020096e-03  -1.5236020e-03   1.3315828e-02   8.6928838e-03  -1.6916079e-03  -4.0589335e-03  -6.3805518e-03  -9.1972370e-03   2.5670996e-04  -1.1597917e-03
   2.3939170e-03   1.2041265e-03  -1.1398781e-03  -7.9627981e-04   6.1253609e-03   2.2467017e-03  -1.7476816e-03  -6.3951318e-03  -2.6491263e-02  -3.2040827e-03   8.2575847e-03   5.5441103e-02   1.7931182e-04  -1.9859300e-02  -9.8443209e-02   1.6200988e-01  -5.0044100e-02  -3.7781012e-02   2.4425855e-02  -1.9528458e-04  -5.1256269e-03   1.1264519e-02  -1.8292989e-03  -3.2650519e-05   3.9043606e-03   9.3563934e-03  -8.8704172e-03   7.4444564e-03   1.8416691e-03  -1.5742921e-03  -3.4055389e-03  -1.5228895e-02   8.3983319e-04  -5.5150258e-03
