   1.1775422e-01   1.5612519e-01  -1.0302309e-01  -2.1359902e-01  -9.7195792e-02  -2.0775076e-02  -2.5433402e-02   6.8839051e-02   5.9599297e-02  -4.8014469e-02   1.4492390e-01  -2.4304226e-02  -5.3903707e-02   6.1201634e-02   4.4910727e-02  -1.3312861e-01   2.5424533e-02   1.6975346e-01   4.1334962e-02   8.7246700e-02  -5.7054918e-02  -1.0641984e-01  -5.8214182e-02  -2.6977847e-02  -1.9153530e-02  -9.6781432e-02  -2.7924056e-02  -1.1845392e-01   5.4742034e-02   2.3876550e-01  -8.7577265e-02   1.3849736e-01   2.0373485e-01   1.4309316e-01
   1.3852041e-02   1.2867324e-03   3.0651039e-02   5.4850588e-02   3.8362138e-02  -4.4124158e-02   8.3135157e-03  -4.3353759e-02  -1.4243394e-01   6.1692003e-02  -3.0162924e-02   2.4013046e-02   9.4888634e-02   2.5766612e-02   2.5032495e-02   8.6041465e-02  -3.4391638e-03   5.3138052e-02  -5.4582967e-02  -5.5135661e-02   8.7190463e-02  -1.3123256e-01  -4.5029871e-02  -1.1659208e-02  -2.3958021e-02  -1.6768999e-01   1.3303037e-01  -6.9025564e-02  -8.6436607e-02   1.1206522e-01  -3.5453490e-03   1.2249113e-01   2.3652589e-01  -1.3723995e-01
  -8.6025282e-03  -2.5755106e-02  -9.7353242e-02  -6.0992856e-02  -1.1935694e-02   4.5502069e-02  -3.3901989e-02   6.1901165e-03  -4.5940638e-02   1.4971183e-02   9.1109406e-02  -6.9426425e-02   6.5361694e-02   4.3464710e-03  -6.3313806e-03   1.1865235e-02  -2.3586531e-02   1.5794334e-01  -4.1542523e-02   8.7700542e-03   1.9384243e-02  -6.3663251e-02  -6.6918110e-02  -1.3156401e-02  -6.2268008e-03   3.2270906e-02   7.0574337e-03  -9.3092272e-02   1.1434073e-01  -1.2719409e-01  -7.2056561e-02   6.3088827e-02   1.1066679e-01   3.2707183e-01
   1.9851656e-03   3.8927902e-02  -4.3395714e-03  -5.9420434e-02   7.8055588e-02  -4.7799585e-03   2.8614431e-02  -1.0142819e-01   3.2221493e-02   4.8578084e-02   2.1665432e-03  -1.2448278e-01  -3.1177516e-01  -2.6814687e-02   1.2290341e-02   8.8322199e-03  -1.1654697e-01   5.2766690e-01   4.7305383e-02  -1.3506656e-01  -8.6953088e-02  -5.2992754e-02  -7.0199162e-03  -1.4536625e-02   2.1100043e-02  -2.3856809e-01  -1.3831345e-01   2.9447120e-03   4.6243908e-02  -2.4043149e-02  -1.4149424e-01   9.2936241e-01   4.8158577e-02   4.6893258e-02
   2.0412801e-02  -9.4859858e-02  -4.7025952e-03   2.6379793e-02  -3.6811225e-02   1.5263795e-02   7.2206688e-04  -1.8667333e-02   6.0389958e-02   2.8404927e-02  -2.4023793e-02  -1.5832271e-02   1.0605985e-03   1.9253538e-02   5.0504314e-03  -6.2442417e-02   3.9123238e-02   7.6286720e-02  -3.3687834e-02  -1.2960412e-02   3.2097953e-02   1.0141608e-02  -2.1319641e-01   2.0832087e-02  -1.0880070e-01   4.5883585e-01   6.0366769e-01  -5.0559464e-02   9.1874687e-02  -2.2207340e-01  -1.0372449e-01  -4.0820133e-01   3.7706937e-02   4.3760314e-02
  -1.9746137e-03   6.6824724e-03  -1.3383464e-01  -4.1134116e-01   6.7549667e-03   5.6773904e-02  -7.8901951e-02   8.0470480e-02   6.2842818e-03  -7.6856140e-03   7.6026649e-02   3.1677591e-03  -2.8555910e-02  -3.5924010e-02   1.5942486e-02  -2.5980937e-03  -1.2275785e-02   3.1732733e-02   1.0411848e-02  -8.1114802e-02   1.2940965e-02  -7.4108804e-03  -1.6461991e-02  -2.2099604e-04  -1.4776221e-02   9.4449698e-03   1.4147455e-01   3.0029008e-02  -7.4775972e-02   1.2445791e-02   1.5098800e-01   7.9156869e-02  -1.9177985e-02   6.8669990e-02
  -2.2619298e-04  -2.1801453e-02   4.3813178e-03   2.2029364e-02   8.9043910e-04  -3.3618059e-03  -1.3795657e-02   4.8626087e-02  -2.8159239e-01  -4.0983646e-02   1.1794908e-02  -3.7380368e-02   8.8365259e-01  -4.0868233e-02  -2.4277650e-02  -4.9047892e-02  -5.2836835e-03  -1.5672116e-01  -1.1859446e-01   5.6382196e-02   7.9705474e-03  -2.3064655e-01   2.6212704e-02  -4.4507096e-03  -1.2903643e-02   5.3026849e-02   7.3685995e-03  -9.7840789e-03   7.9254178e-02  -3.3977978e-02  -1.7492770e-02  -8.9195059e-02  -3.4302577e-03   5.8036183e-03
   2.8043649e-03  -1.3255319e-02   7.7970250e-03   2.2872227e-02   3.8031360e-02  -5.0421047e-03   1.7004324e-03  -2.1238943e-02   4.2967719e-02   3.1907565e-02  -1.1057711e-01  -1.4681587e-02  -7.3097516e-02  -2.7536448e-02   5.7759729e-02   4.4026199e-01   2.0346680e-02  -4.6256843e-01  -4.7363378e-03   8.7029996e-02   2.5962626e-02   1.4751667e-01  -2.1949734e-02   4.7867933e-03  -4.4834232e-03   3.7538080e-02   1.0574356e-02   9.4835912e-03  -1.0229910e-02  -1.6438948e-02   5.4868555e-03  -9.3234332e-02  -4.0958918e-03   1.3492434e-02
  -5.0056206e-03  -2.8944297e-02  -5.2067058e-04   2.6479405e-03   3.5935285e-02   5.9633005e-03  -2.7405996e-03  -2.3650870e-02   5.0168962e-02  -2.5124104e-03  -2.1781022e-02   1.1729785e-02  -1.3125979e-01  -1.5086063e-02   9.0241384e-04  -5.7357243e-02  -7.6418165e-02   8.0978584e-01  -9.9155784e-02  -1.7357399e-01  -3.7504492e-03  -3.2062443e-01   2.8036917e-02  -1.5411017e-02   5.0442959e-03  -1.2659561e-01   8.5131103e-02   8.7066112e-04   6.6648061e-02  -3.4388515e-02   2.5167942e-02   4.7429061e-02  -1.3240380e-02  -1.0343459e-03
   5.1232623e-03   6.5559279e-03  -3.7924128e-03  -6.6248212e-03   3.1115398e-02  -1.7578736e-04  -4.2786617e-03   3.9731652e-02  -9.5385820e-02  -9.1974327e-05  -1.2377627e-03  -3.3220428e-02  -1.8724867e-01   2.8566701e-02  -1.8403007e-03  -4.6106133e-02   3.8254261e-02  -1.0601890e-02   1.7251884e-01  -9.8513275e-02  -4.4419087e-02   6.9152311e-01  -1.4321061e-01  -4.0952731e-03   4.1035885e-03   4.8828005e-02  -5.4320349e-03  -1.6139371e-03  -1.1526798e-01   3.6587335e-02   7.3292342e-02  -3.5630222e-01   7.4103090e-03   7.1530986e-03
   1.7507767e-03  -6.1153472e-03  -5.1368383e-04   1.2305587e-02  -1.5007915e-02  -4.8591059e-03  -1.9380015e-02   5.1138806e-02  -7.9580863e-02  -1.7336929e-01   4.4914191e-01  -3.4887464e-02  -3.2814734e-02  -2.0782373e-02  -1.5413616e-03  -2.3399033e-02  -4.0594154e-02  -7.0939285e-02  -3.5039826e-03  -2.3753099e-02   9.7879320e-03   1.6325433e-01  -4.2523066e-02  -1.9770704e-03  -6.7026389e-03   4.8971712e-02   4.5009350e-02   5.0275528e-03  -3.3736028e-02   3.4345202e-03  -2.5783959e-02  -4.0286491e-02   8.0532094e-03   6.1310092e-03
   1.5768484e-03  -9.4255843e-04   1.2299324e-02  -2.8892472e-03   8.3611001e-03  -7.9156581e-03  -6.5051515e-03   5.4063168e-02   3.9392253e-03  -3.9916690e-02   2.8950959e-02  -2.6678868e-02  -6.6731911e-02   1.4839438e-02  -3.1196330e-02  -2.1896026e-02   5.8926612e-02   3.0546851e-01   2.0497820e-02  -4.6333797e-01   6.8225432e-04   7.6730720e-02  -2.9103724e-02  -8.2090554e-02  -1.2670508e-02   2.7992851e-02   9.2819439e-02   2.7871579e-02  -4.1947331e-02   1.5899356e-02  -1.8815936e-02  -4.3696295e-02   6.5289114e-03  -1.8863054e-02
  -1.8894292e-03   1.3620313e-02  -2.4879981e-02  -9.8132908e-02  -1.1880768e-03  -5.4637479e-03   1.1458991e-01  -1.3382981e-04  -7.7330166e-02   4.0100152e-01  -1.9282751e-01  -2.4350470e-02   6.1184897e-04  -3.5610395e-02  -1.2408094e-02   1.6793594e-02   4.3764308e-02   1.0118921e-02  -2.7933830e-02  -2.6967850e-02  -2.4116698e-02   3.5042942e-02  -2.5362527e-02  -1.8550758e-02  -2.5112311e-05   7.5151829e-02   1.7096033e-02   1.1090832e-02  -2.9197904e-02   1.5695982e-02  -9.3375770e-03  -5.3638931e-02   3.5286385e-03  -2.6216106e-03
   1.6107597e-01  -5.9645187e-02  -7.1414323e-03  -4.4274239e-02   2.3213917e-02  -1.8644739e-03  -1.5175490e-03   1.7037338e-02  -1.7992219e-02   6.3476569e-03   4.2238025e-03  -1.8461737e-03  -1.9515468e-03  -1.2565481e-02   6.8549975e-03  -2.8198270e-03  -1.7458400e-02   3.6540627e-02  -7.4625790e-03   1.1823119e-03  -5.8274608e-03  -2.3276710e-04  -4.6409125e-03  -2.3922142e-03   7.8297011e-03   2.7846643e-02   1.2691716e-02  -5.7020834e-03  -5.1513708e-03  -1.0495605e-01  -1.3460952e-02   5.6690205e-03   6.4851769e-03  -2.3353371e-02
   3.4801425e-03   1.8021820e-02   4.4902866e-03  -1.6536917e-02   1.7618717e-02   5.3072877e-03   4.4599526e-03  -1.5508664e-02   7.4744192e-02  -1.6317626e-02  -1.5863133e-02  -1.2141819e-02   5.1203393e-03   6.6209486e-03   6.3733650e-03  -9.4935053e-04  -1.2058076e-02  -3.4625308e-02   2.3437668e-02   5.9807171e-02  -2.3946292e-03  -6.1581680e-02   9.2758627e-04   1.3883476e-02  -1.7698490e-02   2.1588063e-02   1.3705004e-01  -2.2557702e-01  -6.4124073e-02   9.7972584e-02  -2.1363464e-02  -3.2862121e-02   2.9647885e-02  -3.0039798e-02
   3.9009711e-03   7.6140835e-03  -1.3815263e-01   1.7356810e-01  -2.2377657e-02  -8.9564861e-02   4.2200848e-03   6.3524278e-02  -2.1926588e-02   3.8026035e-02  -4.3823147e-04  -4.3774332e-03  -3.1521971e-03  -8.8443675e-03  -1.2243647e-03   2.3468978e-03  -2.1175564e-03  -1.0529059e-02   6.0683708e-03  -2.1555666e-02   7.1924500e-03   1.4717630e-02  -8.7508087e-03   1.0926707e-02   1.5265499e-02  -1.3572777e-02  -3.0932755e-02   7.0842421e-03   1.0567271e-02  -1.1113913e-02  -2.3963279e-02  -1.3611116e-02  -1.9760549e-03   2.3425183e-02
   4.6882217e-03   6.7532700e-03  -3.3489856e-03  -1.8540502e-02  -4.1247994e-02   6.4307787e-03   1.2840121e-02   6.5166045e-02  -1.0101213e-01   4.0870517e-04  -1.2386636e-02   6.1721058e-03  -8.5562203e-02   3.1476227e-02   1.8457036e-03   1.5944811e-02  -1.2443121e-02  -1.7202902e-02  -6.8454381e-03  -3.1294746e-04  -3.0027705e-02   2.1059453e-01  -2.2499823e-02  -8.0440342e-03  -1.0517187e-02   4.5880514e-02  -1.0303303e-01  -3.9212514e-02   2.6736641e-01  -7.6586558e-02  -9.6041462e-02  -1.2150756e-02   6.0352083e-03  -1.0572218e-02
   1.3614967e-03   1.0683323e-02   4.4889330e-03  -2.0716732e-02  -3.2715863e-03   1.9235824e-03  -8.0052004e-03  -1.0141003e-02   8.1016321e-03   6.1589889e-03   1.7055881e-02  -7.4289450e-03   4.4778018e-02   4.0726417e-03   5.0395842e-04  -1.0595358e-02   3.3590221e-02   6.1832450e-02  -5.6351413e-02  -1.7397023e-01  -9.6310037e-03  -1.6424128e-01   4.3382851e-01   6.5751730e-02  -1.6482215e-02  -1.2687442e-01  -9.8329391e-02  -3.6260970e-02   2.3990528e-02   4.7848515e-03   3.8085636e-02  -9.2658891e-03   8.6129282e-04  -2.0904543e-04
  -3.0832081e-03  -1.7065752e-02   1.4979406e-03   1.5149080e-03  -2.5458052e-02   1.3652526e-03  -6.0495824e-03  -6.4459432e-02   4.8762747e-01  -6.9706572e-02   6.1823799e-03  -5.8103971e-03  -1.8800241e-01  -6.3424313e-03   3.1652504e-02  -3.2855372e-02   1.0991420e-02  -2.5739648e-02   1.3820144e-02   2.1870644e-02  -5.0052459e-03  -4.1856168e-02   4.4235193e-02   3.0447642e-03  -3.4448454e-03  -1.8691615e-01   7.6868533e-02  -4.0507331e-03   4.4395426e-02  -3.4687258e-02   6.9907950e-02  -8.1028813e-02   1.0419362e-03   7.7358947e-04
  -9.8754530e-04   3.4884604e-03  -1.1885039e-03  -2.7392257e-03  -7.5122478e-03  -8.8799631e-04  -1.1061917e-02  -8.1363811e-03  -6.6354155e-02  -7.7834506e-02  -5.1558965e-02   3.4151423e-01  -9.0606333e-02  -4.8642510e-02   2.6434652e-02  -3.4863330e-02   1.6801861e-02  -1.7003949e-02  -1.0045859e-03   1.3769504e-02  -4.2484978e-03   1.9783790e-03  -5.6735018e-03  -7.6138947e-04   3.5624946e-03   8.6360307e-02  -6.1777777e-02  -2.2465280e-03  -1.5157343e-03   8.3993323e-03   3.7597057e-03  -1.3980713e-02   4.0690343e-03   5.7472560e-03
  -5.4780151e-03  -4.4389309e-02  -2.4001285e-03  -3.5769869e-02  -1.2929434e-02   2.1612119e-03   2.1530899e-03   1.5636709e-02  -8.4903990e-02   1.9373235e-02  -1.6634086e-02   4.5579435e-03   2.5467403e-02  -5.5859323e-03   1.4804143e-02  -9.8562752e-03   1.6034714e-02   9.4981149e-03  -2.1476979e-02  -2.5230345e-02   1.0013625e-02   4.7535782e-02   3.1865348e-02  -4.1267705e-03   2.1943745e-02  -1.9158130e-01  -1.3177786e-01   7.4663511e-03   4.2784688e-03  -2.7565961e-02   3.8360395e-01   2.2821239e-03   7.9247952e-03   4.1542035e-03
   1.6945538e-03   3.0674468e-04   1.5001707e-03   1.9058019e-02  -3.4220155e-02  -2.3231337e-03   1.5200468e-03   6.3345555e-03  -2.5970987e-02   1.2997837e-03   1.7731062e-02  -2.4771775e-02   3.7299691e-02   1.7523886e-02   3.4712185e-03  -1.4545942e-01   2.5407039e-01  -1.3450661e-01   4.5145417e-03   4.8065685e-03  -7.8462485e-03  -1.3446155e-02  -4.6623791e-04  -3.7450534e-03  -5.1524722e-04  -4.0237247e-03   1.3784675e-02  -2.8049508e-03   9.9355111e-03  -4.5986740e-03  -2.4900406e-02   5.5710773e-02   2.1302456e-03   6.3456473e-04
   1.4927051e-03  -1.0468833e-03  -3.6636251e-03   1.1807843e-02   1.1682201e-03  -6.6379713e-03  -1.1847597e-02   3.6011493e-03  -5.9971685e-03   5.8436457e-03   9.5847581e-03   1.5134751e-03  -1.6712392e-02  -2.3722442e-03  -7.1522380e-03  -1.3045818e-03   1.3067778e-02   6.5629075e-02   5.9003176e-03  -1.1676272e-01  -5.0096203e-02   2.6594396e-02  -6.0790998e-02   1.7511059e-01  -2.5006043e-02   2.4316712e-02   1.6240206e-03  -1.5310570e-02  -1.0141437e-03   8.2443689e-04  -7.4192804e-03  -2.8856470e-03  -5.0305449e-03   2.4601115e-03
  -1.6270029e-03  -4.0872073e-03  -2.5890376e-02  -7.4685533e-02  -1.1464533e-02   2.5661984e-01  -9.9275844e-02  -3.0314677e-02  -1.7638299e-02  -3.1619887e-02   2.6005056e-02   3.5928935e-05   2.1983278e-02   6.1241464e-03  -6.4148851e-03  -1.1466346e-03  -1.7254411e-03   4.8920295e-03  -1.2311912e-02   1.8599790e-02  -7.7261275e-03  -1.4364392e-03  -7.8667526e-03   1.1542404e-03  -9.5984072e-03   1.1021871e-02   1.4795001e-02  -4.6100319e-03  -5.8998043e-03   8.7644576e-03   1.3791901e-03  -9.0449534e-04   1.7115636e-03  -7.0563009e-03
   3.9729669e-03  -4.5059084e-03  -6.1902036e-03   1.8081344e-02  -5.1291096e-03   5.3712082e-03   8.6213184e-03  -1.6968026e-02   2.4767994e-02  -7.7019875e-03  -7.2648512e-03   4.2412518e-04   1.2401841e-02  -1.1161981e-03   7.4573791e-03  -7.7692725e-03  -8.3507790e-04  -1.4249510e-02  -1.6200548e-02   3.1144677e-02   1.8686149e-02  -4.3550342e-02   1.3086191e-01  -6.5868963e-03  -1.9822504e-01   2.1115645e-02   4.3907578e-02   4.1885230e-02  -1.0802647e-02  -1.2423121e-04  -3.4676755e-03  -2.8738612e-02   3.6069057e-03  -2.7815108e-03
   4.4696232e-03  -1.8143776e-01   6.4997207e-03   9.2425389e-02   2.9073183e-03  -4.4695121e-03   5.1278647e-03  -6.5032382e-03  -7.5479839e-03  -7.7344835e-05  -3.3976023e-03   2.6918415e-03  -9.4350259e-03  -2.2577954e-03   4.5141594e-03  -4.1016337e-04   2.4089032e-03  -9.3048077e-03   2.3563561e-03  -7.4044751e-04   2.7307304e-04   2.4211611e-02  -7.1603678e-03  -6.4758961e-04   2.1991454e-03  -1.6664657e-02  -4.3203964e-03  -9.9297350e-03   1.9293925e-02   4.6705009e-02   3.6103283e-02   3.8705469e-03  -4.3159265e-03   8.3463129e-03
   1.0888059e-03   3.9495487e-03  -2.6111253e-03  -1.0771328e-03  -1.3036440e-03   5.9100507e-03   3.3216885e-03   4.2263600e-03  -3.0052904e-02  -2.9231319e-03  -3.8968564e-03   9.8114211e-03  -5.5456912e-03   9.3789519e-03  -4.3424952e-03   5.4478597e-03   1.7199489e-02   2.5218379e-02  -3.0846706e-02  -1.6322508e-01   2.4031439e-01  -1.7625057e-02  -1.3027097e-01   2.0937403e-02  -3.0398351e-03  -7.9435214e-03   4.5273075e-02  -1.2655133e-02   4.9922311e-03  -2.2253978e-03  -2.6878708e-02   4.6837658e-02  -3.4793781e-03  -3.5098581e-03
   1.7243252e-03   3.9429168e-03  -4.8191051e-02   1.1847441e-02   7.2550417e-03   2.8233709e-02   1.5051729e-01  -5.4765267e-02   2.4795835e-02  -9.2089238e-02  -4.4438018e-02   7.0073914e-03  -8.3097161e-03   1.1900290e-02   1.6346198e-02  -5.0713560e-03   7.7778371e-03   1.2983933e-02   6.9611702e-03  -1.9697642e-02  -7.2693821e-03   2.1823237e-04   1.2610785e-02  -2.8563145e-03   6.8424241e-03  -1.4708996e-02   5.0285243e-03   3.4451178e-03  -5.3280181e-03   4.7531938e-04  -7.6456686e-03   1.0063876e-02  -8.4471435e-04   3.6038663e-04
   1.6583586e-03   1.2532037e-03   9.1332783e-03  -6.2587422e-02  -1.1733911e-02  -4.5974057e-02   3.6499151e-02   2.6856091e-01  -5.2207582e-02  -1.1526716e-01  -2.7422054e-03  -1.1559319e-02   3.3817387e-02   1.5854709e-03   8.5958896e-03  -3.2643843e-03   9.1894447e-03  -2.0818133e-02   6.9574898e-03   1.1438303e-02   1.1375260e-02  -2.6344163e-02  -1.6453253e-02   1.7344454e-03   9.6937801e-04   1.1679760e-02   1.2664882e-02   6.0342154e-04  -8.3085639e-03   1.9755784e-03   5.1175560e-03  -4.2290155e-02   1.6242422e-03  -3.2536708e-04
   3.8595535e-03  -2.2197312e-03  -2.5635008e-03  -3.0478075e-03   3.7349746e-03   4.2758581e-03  -2.6583390e-03  -8.9670492e-03  -2.0317535e-02  -8.0014777e-03  -4.1676957e-02  -2.1824471e-02  -1.1064091e-01   2.7499809e-01  -7.4104633e-02  -1.4274161e-02  -2.5339832e-03  -4.3599983e-02  -1.5145629e-03   2.8401307e-02   7.2433542e-04   2.3107691e-02  -1.3836849e-03   1.2423626e-03   1.3546166e-03  -2.8920785e-03  -1.0753150e-03   4.1145449e-03  -9.8207794e-03  -3.4617437e-04   6.0129869e-03   1.5484509e-02  -1.7115844e-03   2.2168856e-03
  -2.6913716e-03   2.7264650e-03  -3.0992070e-03  -6.3182409e-02   2.1873099e-01  -4.3175914e-03  -2.5533843e-03  -3.4159730e-02  -3.4449487e-03   4.9141714e-04   7.3915529e-03   2.0734784e-03   5.6275071e-03  -7.6417622e-03  -1.7679915e-03  -6.0658692e-03   1.4474642e-02  -2.1829355e-02  -1.0346018e-02   8.1232846e-03  -1.2118260e-03   2.8339307e-02   1.9765426e-02   1.1766791e-03  -3.7288615e-04  -7.5165064e-02   1.2131830e-02  -8.1651961e-04   3.4659887e-02  -6.1596669e-03  -5.4113820e-02  -6.2977600e-02  -1.8976437e-03   4.0109546e-03
  -4.1995334e-04   2.9450846e-03  -1.7005540e-03  -5.7385798e-03   6.2366872e-03   1.9897182e-03  -3.2596135e-04  -2.1908784e-03   9.7245661e-03   2.6917759e-03  -3.6710154e-03  -1.2496060e-02   3.7802227e-02  -1.9872706e-03   2.5846686e-02  -5.2246416e-03  -2.4608891e-03  -5.6473355e-02   1.6669443e-01  -3.3849297e-02   3.1268077e-03  -1.7914946e-01  -2.7957985e-03   9.1646480e-05   4.0476070e-03   7.4092652e-02  -5.8474569e-02   2.3076995e-03   3.1510499e-02  -2.8791200e-03  -2.0735634e-02   1.7117350e-02  -2.7363523e-04  -2.4145043e-04
   1.3012980e-03   6.5740523e-03  -1.7983403e-03  -7.3593765e-03   7.3916058e-03   1.5928928e-03  -2.2936853e-03  -9.5990977e-03   7.8820159e-02  -1.2984328e-02   1.3535437e-02  -2.4478651e-02  -1.1711086e-02   4.1851821e-03  -1.3917127e-02  -8.1779293e-03   7.7600585e-03   4.7746012e-02  -3.3719511e-02  -1.6123772e-02   2.3076375e-02  -1.8774072e-02  -3.1847092e-02  -2.4031044e-04   1.6155064e-02   1.9873969e-01  -1.4590339e-01   8.9826208e-03   1.8345926e-03   1.6965844e-02  -9.8253479e-03  -8.5646151e-02   9.3164652e-04  -1.1963791e-03
   7.7288308e-04   1.2251145e-03  -2.3204718e-05   1.0081454e-04   6.9026281e-03   5.3855315e-04   3.8977434e-03  -3.5573125e-03  -7.7462436e-03   2.7384280e-02  -6.5055272e-02  -1.7483265e-02  -2.6927433e-02  -1.1917188e-02   1.7496442e-01  -9.6377115e-02  -8.3641193e-03  -5.8051370e-03  -1.4778957e-02   1.4193658e-02   4.6774823e-03   3.3124682e-02  -8.6151188e-03   2.4202209e-03   2.7888335e-03   1.3250370e-02  -1.0134920e-02   1.3267694e-03  -5.5316982e-03   2.4867647e-03  -3.0804419e-03  -4.6038500e-03  -1.4293251e-03   7.0060361e-04
