   1.4632168e-01   3.3597803e-02  -7.4006018e-02  -2.2231094e-02  -1.0888700e-01  -5.3644891e-03  -4.1409525e-03   4.5898160e-02  -4.7890072e-02  -1.7599657e-02  -1.0488739e-02   1.9409391e-02   4.5882811e-02  -5.2402747e-02   4.4947452e-02  -1.0124948e-01   4.1075651e-02  -2.0971224e-02  -1.3516859e-02   1.1606103e-02  -1.0351039e-02   1.0996920e-01  -2.9172964e-02  -3.1876037e-02   4.2178491e-02   5.5450960e-02  -2.8799552e-01  -4.3475337e-02  -1.1007530e-02   3.3525058e-01  -1.2215697e-01   7.8267494e-02   1.0393122e-01   8.4761108e-02
  -2.3765510e-02  -4.3106059e-02  -1.1134536e-02   5.9777087e-02   5.5270114e-02   5.9308644e-03  -2.8945015e-03   4.5437200e-02  -3.2791613e-02   1.0475313e-02  -4.0777507e-02  -4.2943625e-02  -2.0359627e-01   3.4522333e-02   2.0412326e-01   8.8180814e-02  -2.3581419e-04   5.7473102e-02  -1.0021041e-01  -1.2720165e-01   7.5785619e-02  -1.6626646e-01   6.2347905e-02  -1.9841184e-02   8.0813811e-02  -3.7194912e-02  -1.4079299e-01  -3.7278981e-02   4.8178266e-02   3.6119762e-02  -2.2330454e-01   5.3778963e-02   1.4669102e-01   2.7764300e-01
  -3.7088232e-02  -1.0544356e-01   6.1192122e-02   1.9362301e-02   1.6643982e-01  -2.9193257e-02   1.8251192e-02  -6.9460266e-02  -5.3281039e-02  -3.2489094e-02  -9.6193133e-03   6.7201243e-02   1.6549161e-02   5.9233924e-03   2.3055114e-02   1.0605481e-01  -3.8555455e-02   4.6334340e-02  -1.7491537e-01   3.6902845e-01  -1.1653323e-01   1.8058465e-01   9.2764607e-03  -5.6620334e-03  -4.1468943e-02  -1.2446910e-01   2.2975682e-01   1.2187205e-02   5.2778373e-02  -1.7906847e-01   1.5281929e-01  -2.7691290e-02   1.2998447e-01   2.1108359e-01
   1.0226315e-03  -2.1061389e-02  -5.9124100e-02  -1.6010117e-02  -3.2935982e-02   9.5562560e-04   1.7661364e-01   1.4832663e-01  -1.6398594e-02  -6.8266817e-02   1.2548852e-01  -1.2087313e-01   1.9387241e-02  -1.5048026e-02  -2.5215116e-02  -4.3717237e-03   1.1873168e-02   2.4304080e-02   1.0092330e-02  -3.2308589e-02   5.4871673e-03  -1.7007142e-02  -9.4322076e-03  -7.0515934e-03   1.8415444e-03   7.3099256e-03  -9.9945452e-03  -1.1780251e-03   2.1624724e-02   1.9257172e-02  -2.5503675e-02  -1.3445161e-02  -7.9606002e-03  -3.1102361e-03
  -1.2516559e-02  -4.1710055e-02  -6.6716225e-03   3.9750942e-02  -1.8245986e-02  -7.1717429e-03   1.3572017e-03  -3.3622411e-02   2.5522236e-02  -1.5055597e-02   4.6963269e-03   5.4239089e-02   2.5873769e-02   2.4657118e-02  -1.2165785e-02  -1.6195586e-02  -2.3052356e-02  -1.3079733e-02  -4.2304844e-02   1.9227158e-03   2.7382061e-03  -1.7087225e-02   2.6196639e-02  -1.1115658e-02   2.0181612e-02  -3.5525679e-02   6.8002990e-02  -1.8431355e-02   1.7012041e-03  -3.7128550e-02  -1.7187248e-02   1.6493976e-02  -1.3443078e-01   1.5471522e-01
   6.9642425e-04  -6.1062787e-02  -9.4407841e-03  -1.0164526e-03  -7.0499034e-02   2.8618234e-01  -2.4299944e-02  -6.4584692e-02  -6.2799110e-04   1.0378253e-02  -5.2444655e-03  -2.7173557e-02   2.0294180e-03  -1.9219384e-02   1.5488872e-02  -1.1335060e-02   3.7743109e-03   1.8277423e-02   7.7539569e-03  -1.3022258e-02   8.0536903e-04  -3.9345284e-03   4.7607788e-03  -2.4906846e-03  -3.8198914e-03   2.6345187e-02   5.4217737e-03   8.0486794e-04  -1.8272872e-02   1.1536412e-02  -2.7294413e-02   1.0571184e-02  -2.3521594e-02   9.3585848e-03
   1.9636825e-02  -1.0069751e-02  -1.4766492e-03   3.5717605e-03  -2.2913970e-03   1.8178599e-03  -8.3114506e-04   6.6848035e-03   1.4217271e-03  -7.5017357e-03  -6.8101345e-02   1.5959314e-02  -1.4717713e-01   4.9209609e-02   1.1090680e-01   2.3009927e-01   8.2585002e-02   3.1961553e-02  -2.9910191e-02  -8.1612836e-02   4.7047086e-02  -1.0323734e-01  -3.7238838e-02  -3.0430032e-03   8.5702688e-03   4.9589786e-04   2.6771178e-02   1.0523927e-02  -6.6998112e-03   3.8461759e-03  -9.0173174e-03  -2.5303589e-02  -2.0697299e-02  -2.9642905e-02
  -5.7515170e-04  -2.9002550e-03  -2.3958880e-02   4.3141522e-04  -4.1725248e-02  -1.3709888e-01   1.3113007e-02   4.5680406e-01  -3.0021062e-02  -9.3751413e-02   3.6131888e-02  -9.2527096e-02  -1.8276131e-02  -8.0012952e-03   1.7219854e-02   1.4309928e-02   3.6096007e-03  -9.3947920e-03   3.4936659e-03   9.2097777e-03   1.2619619e-02  -2.8093395e-02  -1.2933761e-02  -2.7240166e-03   6.7851558e-03  -1.8689534e-02  -9.8306665e-03  -2.5295318e-03   2.2499207e-02   7.5289095e-03  -2.2821039e-03  -6.2010143e-02   4.4952560e-03  -5.8712099e-03
   3.1725356e-03   1.2783886e-02  -2.5464607e-02  -7.7231403e-03  -3.3031490e-02  -5.5326417e-03   8.1564932e-02  -9.4774525e-02   1.0901986e-02   2.7324598e-01  -1.2261186e-01  -6.4546510e-02  -2.3753451e-02   9.0630740e-04  -1.5967230e-02   1.4376603e-02   1.9561733e-02   1.1396368e-02   9.0569700e-03   1.6068444e-03  -1.4243719e-02   1.2286986e-02  -2.0665533e-02  -5.9538308e-03   1.8949622e-03   5.3948457e-02  -1.4991034e-04   1.5078443e-03  -1.4150016e-02   1.1599692e-02  -3.7961320e-02   3.8589190e-03  -6.7457475e-03  -2.8184036e-03
   6.1553427e-03   2.5805074e-03  -5.5533357e-03   5.5083048e-03  -2.0361009e-03  -1.1201657e-03  -4.6485236e-04  -4.0950195e-03  -2.6008271e-03  -4.6348747e-03   1.8990310e-03   1.0235231e-02   7.7211532e-03   8.3786491e-03  -7.4258133e-03  -6.9191343e-03   1.1320056e-02   1.1705141e-02  -5.2154366e-04  -1.2319531e-02  -5.8129133e-02   5.5524263e-03  -1.0209241e-01  -1.4731102e-02   2.5996628e-01  -1.1674121e-02  -7.1098429e-02  -1.4206586e-02  -1.2678001e-03  -2.5329862e-03   2.9072219e-03   1.8806472e-02   9.9888842e-04  -2.2959026e-02
   3.8915405e-03   3.8802679e-02  -1.1975253e-03   1.0342623e-02   3.6551407e-02  -7.1543000e-03  -8.3821517e-04   4.2715339e-03   1.4233026e-03   7.6922655e-03  -4.2908940e-03  -4.0894330e-02  -7.7537014e-02   1.2240556e-02   1.8399467e-02   2.4075249e-02  -5.4102151e-03   1.3452062e-02  -5.1539185e-02  -5.1263475e-02   1.6116561e-01  -9.2430142e-02   2.2599426e-01   1.3907093e-01  -6.0104802e-02  -3.8756463e-02  -1.0613346e-01  -2.2109852e-03  -1.0563478e-02   8.1982412e-03  -2.9732621e-02  -2.8094459e-02  -6.5053533e-03  -3.0418972e-02
  -8.9640762e-04   6.3331630e-02  -7.5785331e-03  -1.1525256e-02  -7.1143906e-02   9.1158914e-03  -2.9853932e-03   5.1585001e-02  -2.1667509e-02   1.9926810e-02   1.9945825e-02  -1.9381396e-01  -1.7016359e-02  -1.6316743e-02   1.7862226e-02  -3.1133479e-03   3.7266894e-02  -5.7511240e-03  -3.9808153e-03  -5.9430272e-02  -2.2614440e-02   4.8092985e-01  -1.3678019e-01  -9.4956744e-04   4.8946633e-03   8.1997248e-02  -2.3041482e-02  -1.3724450e-03   3.6651877e-02   3.3955300e-02  -2.7974202e-01   2.0194281e-02   8.6712216e-03  -3.3248905e-03
  -2.1726802e-03  -1.1850512e-03  -1.9370948e-02  -8.6490273e-03   1.4142823e-02  -3.1963194e-03  -4.7398555e-03   2.3303049e-03  -1.7690978e-02  -3.0428120e-02   3.2008561e-01  -1.0238743e-01   3.6328907e-02  -3.2934563e-02  -8.1590147e-02   1.5135199e-04  -3.5216417e-03   2.1074527e-02   1.5378648e-02  -6.0132768e-02   4.3354709e-03   5.9755264e-03   7.5760121e-03  -1.2693246e-03  -3.1798364e-03  -3.5989440e-04  -2.0809585e-03  -3.2750020e-03   7.5749944e-03   1.6509304e-02  -3.2302027e-02   9.6209516e-03   3.6863013e-03  -2.5100707e-03
   4.0118094e-04  -1.2532250e-02  -3.8420968e-03   1.2710885e-02  -7.6997783e-02   1.5652511e-04   1.2097605e-03   7.5765114e-03  -2.5477578e-02  -1.1261518e-03  -3.5573354e-02  -2.9619221e-02   1.7395444e-01   1.0618210e-02   2.1274426e-01  -2.2641632e-03  -3.2556565e-02  -8.4437894e-02  -1.3961254e-01  -1.8131551e-01  -2.3680234e-03  -5.9196320e-03   2.2771419e-01   2.0879533e-02  -4.1162002e-02  -1.3438187e-01   5.7606773e-02  -1.1268065e-02  -7.5184204e-03  -1.1216470e-02   7.1965882e-02   3.2012255e-02   3.6744191e-03   8.7630937e-03
   1.8075239e-02   9.8123299e-02  -1.8275410e-01   3.0727111e-02   6.7456644e-02  -8.5339456e-03   4.3874948e-03  -9.7957603e-02   2.9052795e-03   9.3203083e-03  -1.8408102e-02   4.4042420e-02  -7.0345897e-03   1.1453908e-02   5.1499162e-03   5.7065306e-04  -1.1175874e-03  -1.0995995e-02  -1.6118921e-02   2.0779109e-02   3.5983929e-03   9.2681809e-03  -5.8066603e-03  -6.7695573e-04   6.6375044e-04  -2.2395666e-02  -8.0325721e-03   6.0934555e-03  -2.7429826e-03  -1.1179742e-02   1.0995373e-02   1.5942824e-05   4.0030186e-02  -1.5503064e-02
   1.4135464e-02   2.8528303e-01  -2.2695113e-03   1.4669086e-02  -1.0915220e-01  -1.1246347e-02  -2.0093085e-03   4.0644278e-02   8.6056023e-04   3.8228091e-03   1.1410096e-02  -5.9685730e-02  -4.0055656e-02   1.5872789e-02  -1.0293016e-02   2.3801339e-02  -2.5115769e-02   5.1870442e-02  -1.1329319e-02  -3.1965482e-02   3.2887575e-02   2.5149463e-02  -6.7354333e-02  -7.7902065e-03   1.2562654e-03   4.6264644e-02   6.8667865e-02   5.1335867e-03   9.3598651e-02  -1.9964503e-01  -1.8765942e-01   2.5366937e-02  -2.2857215e-02   3.7283105e-02
   5.2051286e-03   5.2475034e-02  -8.3000849e-03  -2.6365550e-03  -1.0744776e-01   6.7284085e-03   2.1992747e-03  -2.3082518e-02  -8.8738736e-04  -6.8715475e-02  -4.4052732e-02   3.7176943e-01  -1.0374605e-02   7.2012526e-03  -2.8962537e-02  -7.4420069e-02  -3.1512359e-02   3.2680341e-03  -2.5449047e-02   1.7465821e-02   5.7739363e-02   6.1916522e-02  -1.1827379e-01  -2.6261230e-03   2.3290459e-02   2.6840232e-02  -3.5836142e-02  -7.6398617e-04  -3.0922514e-03  -9.4851010e-03   5.4897502e-03  -5.4435036e-02  -2.6124762e-03   1.6529355e-03
   2.2504571e-03  -5.6816182e-02   8.6431159e-04  -1.0462238e-02  -6.7905949e-02   7.4943942e-03   3.9373059e-04   2.4344175e-03  -2.8321705e-03  -1.1772934e-02  -7.5855160e-03   1.0872467e-01  -3.8141883e-01   5.7372421e-03  -9.2628393e-03   9.4946050e-02  -1.7584981e-04   4.4571014e-03   9.0634395e-02  -1.2981800e-01   4.3966692e-02   2.2908824e-01  -1.2322316e-01   3.2344746e-04  -3.3482969e-03   7.1715386e-02   2.6323464e-02   9.7335239e-04  -8.7540398e-03   4.6096323e-03   7.8516087e-02   3.9642731e-02  -1.4934909e-03  -8.1108895e-03
   3.7390088e-03  -1.1338520e-02  -1.1290655e-03   6.4613147e-03  -1.9028405e-02  -6.9629932e-04   6.1892167e-06  -5.5563137e-03   5.3737320e-03  -6.9903052e-03  -4.2779501e-03   2.2907492e-02   1.8075194e-02   4.2764767e-03  -2.3449374e-03  -1.4212226e-02   5.4751732e-03   1.7953076e-02   8.2821606e-03  -1.7340608e-02  -9.7847429e-02   1.3021596e-02  -1.5707266e-01   1.3885730e-01   3.5155933e-02   1.1575154e-02   1.8657983e-02  -1.2515535e-02   5.6348565e-03   2.3512333e-04  -3.1371660e-03   5.6907778e-02  -2.0249168e-03  -1.1044772e-02
   6.7825838e-03  -1.5371829e-03  -5.3642463e-03   2.5699671e-02  -7.6332313e-03  -5.7757282e-03  -9.7271380e-04  -2.7829818e-03  -4.1742417e-04  -3.6019913e-03   4.6587500e-04   4.6854703e-04  -7.2453230e-03   4.6976296e-03   5.5641307e-03  -2.0704998e-02   8.5048505e-03   2.2595354e-02  -9.8444204e-03  -1.9295862e-02   5.0795770e-03  -1.4766507e-02   1.5318101e-02  -3.3101798e-02   2.1853923e-02  -1.8846109e-02  -9.0579113e-02   1.8217271e-01  -2.3459943e-02  -1.1935549e-02   7.8222359e-03   3.6470514e-02  -1.7729434e-03  -5.3804314e-02
   4.0168883e-04  -1.2818515e-02  -7.8839502e-03   7.5771978e-03  -1.8812942e-01   1.3067387e-02   7.4741636e-05   5.8314457e-02   1.2118832e-02  -4.9014554e-03  -7.9971528e-04   2.8367159e-03   2.5324767e-02  -1.9488929e-02   2.4176654e-02   1.2546916e-02  -6.9373227e-03  -7.1044371e-02   4.0950414e-02   2.6580665e-02  -1.2845861e-02  -2.6831778e-03   8.8903404e-03  -1.2841478e-03  -4.1107645e-02  -3.7067250e-02   3.0161708e-01   8.1161336e-03  -1.9890125e-02  -1.2432100e-02  -4.3154428e-02  -3.8367117e-02   9.2873974e-03  -2.9398375e-02
   1.6517422e-03   1.0469145e-02   4.5469203e-04   6.4451894e-03   1.0969231e-01  -7.7460194e-03  -5.2572554e-04  -1.6872673e-02  -2.3066287e-02   4.3815825e-03  -1.1940924e-03  -2.9704634e-02   7.4368661e-03   2.8731193e-02  -4.3266578e-03   1.6789922e-02  -3.0840274e-02  -5.9600456e-02   3.5907089e-01  -1.0490085e-01  -2.0729022e-02  -1.4407252e-01  -3.4869828e-02  -2.7600957e-04   8.1387801e-03  -2.0609222e-02  -1.5841738e-03  -2.5964126e-03   1.1247965e-02  -5.8314097e-03  -6.5273661e-02   3.9420096e-03   8.4034097e-04   9.1318073e-03
   1.4815389e-01  -1.0248079e-01  -1.0916573e-02  -2.1914285e-02   2.2665819e-02   4.0632571e-03  -5.6630976e-04  -1.3063115e-03   1.9581715e-02  -1.3989902e-04   1.4051188e-03  -1.7568841e-02   2.1370999e-02   3.4890798e-04  -8.4237416e-03  -8.8514900e-03   5.1052626e-03  -5.0008225e-03   3.2211072e-03   4.6894606e-03  -3.0549888e-03  -5.7603317e-03   1.0200956e-02   3.0303193e-03  -3.9921692e-03   1.4178721e-02   2.7594029e-02   5.0441848e-03  -9.0155099e-03  -1.0445509e-01   1.0010215e-02  -1.9170394e-02  -7.1080582e-03   1.9575565e-02
  -3.9781725e-03  -1.1598406e-02   5.4702408e-04  -1.1166279e-02   1.1006900e-01  -3.8982799e-03  -7.4822243e-05  -1.8377364e-02   6.2158668e-03  -7.4031453e-04   4.0043736e-03   8.0654692e-03  -1.6079708e-02  -4.1877660e-03  -1.3990238e-02  -5.1025541e-02  -1.5421072e-02   1.6950781e-01  -3.8044079e-02  -6.3656173e-02   2.8135565e-03  -4.5965999e-02   4.7408943e-02   3.6749739e-04  -1.5076509e-02  -8.0048621e-02   1.1075268e-01  -6.8692683e-03  -2.2209494e-02   2.0036874e-02  -7.0584199e-02  -4.4594946e-04   2.8870245e-03  -7.3405005e-03
  -3.4092149e-03   8.5603761e-03  -1.7393970e-03  -9.3221048e-04  -6.7199496e-02   5.5547871e-03   4.7726050e-04   2.1113643e-02  -5.9992477e-03  -8.7594565e-05  -4.0686291e-03  -3.4020278e-03   6.4500110e-02  -4.1108326e-03   3.1604107e-02  -3.8147256e-02   9.2293884e-03   7.8273743e-03  -1.0345851e-02  -1.4177440e-02   2.5879774e-02  -8.2763233e-02  -6.4335825e-02   1.5412930e-03  -6.5931086e-03   3.5374709e-01  -6.3300651e-02   2.8152864e-03   1.2956356e-02   1.5098709e-02  -1.2038949e-01  -6.8594757e-02   3.2142596e-03  -5.3771700e-03
   1.3621093e-03  -3.1827094e-02   4.1631708e-03   1.4769246e-02   1.5229835e-01  -9.4858537e-03   3.8311247e-04  -2.9553811e-02  -9.0753379e-03   1.4425843e-02   3.5244694e-03  -5.5013835e-02   9.6060466e-02  -2.2595045e-02   3.6184642e-02  -1.3153761e-02   3.9564091e-03  -3.4596046e-02  -2.1850219e-02  -1.2425337e-02   8.3936185e-02   5.9888462e-02  -1.6082206e-01  -2.8558103e-03   2.2666646e-02  -5.1509551e-02   6.1101649e-02   1.7698023e-03  -1.1303075e-02   6.4705080e-03  -3.4552772e-02  -5.3953569e-02  -1.8254300e-03  -4.0503402e-03
   1.2174908e-03  -7.7573049e-03  -1.7314733e-03  -1.5224194e-04  -1.6140206e-01   5.5464880e-03  -1.0091952e-04   5.1326712e-02   2.5565902e-03   5.9191884e-03   8.5162203e-03  -5.6363348e-02   4.4409448e-02   1.0763342e-02   3.2412559e-03  -3.0550491e-02  -6.4660874e-03   4.8404843e-02   2.9388020e-02  -3.9329413e-02   1.1863910e-02   4.3576829e-02  -3.7638689e-02   2.9554098e-03   7.0146622e-03   4.6584620e-02  -4.8066364e-02  -1.2248449e-03  -2.8885432e-02  -1.0635886e-02   1.9705089e-01  -1.0254553e-01   2.1273337e-03   1.2738584e-02
  -7.3448540e-03   1.1598873e-04  -2.4418405e-03   7.5193708e-03  -3.4531876e-02   1.8155288e-03  -1.3193546e-03  -2.8305458e-02   2.4059254e-01  -5.6635767e-03   5.1040608e-03  -7.6002471e-02  -4.4882432e-02  -7.2467808e-03   1.1776076e-02   6.2087529e-03   2.0598993e-03  -3.8394878e-03  -2.5703117e-03  -7.2329850e-04   7.1992361e-03  -2.9154424e-02  -3.6002800e-03  -1.9766130e-03   3.9317702e-03  -5.4779924e-03  -1.0637675e-02   3.1683015e-03   1.2482623e-02   5.1545408e-04   1.6841803e-02  -4.6878749e-02   2.3602487e-03   5.5975505e-04
   1.5048338e-03   1.5796957e-03  -1.8476598e-03  -9.2826124e-04  -1.4344653e-01   6.2510890e-03  -1.1559703e-04   1.7476655e-02  -4.7862770e-03  -1.2065780e-03  -3.3211245e-04  -1.9037054e-02  -1.9159645e-02   9.1629499e-03   8.2450947e-04  -9.3212638e-03  -6.3771033e-03   2.3912453e-02   1.0189461e-02   5.7320566e-04   4.3823775e-02  -8.8127059e-02  -7.9242265e-02  -2.9062990e-03   1.1239467e-02  -5.4940190e-02   2.9796390e-02  -3.9564832e-03  -1.3842091e-02   6.5169521e-04   4.6159715e-02   2.4856979e-01   2.9202282e-03   9.5810968e-05
  -2.2322076e-03  -5.7968559e-02  -9.5806975e-03   1.8989697e-01  -1.2609629e-01  -2.2423767e-02  -2.6172232e-04   5.0402268e-03   8.4419140e-05   8.2894593e-04  -8.2102223e-04   6.4603744e-03  -1.4389053e-03  -1.1615074e-02  -1.5374403e-03   8.8062591e-04   9.8002540e-04   3.5902458e-03   3.0685796e-04   1.2821600e-03  -3.2414498e-03   8.0604215e-03   1.8278771e-03   5.7893896e-04  -9.0634974e-04   3.5107284e-02  -1.7985190e-02  -4.0236026e-03   1.7352002e-03   6.4028775e-03  -2.5605992e-02   2.2751240e-02   3.5647816e-05   1.9293608e-03
  -2.3388957e-03   9.8865651e-03   3.1892368e-04  -6.8279806e-04  -6.0091643e-03   3.4153831e-04  -1.2524995e-04  -3.5186123e-03   5.5494389e-03  -4.7249063e-03   3.8487996e-03   2.5055016e-02   3.4826630e-03   9.0855022e-03  -4.0796489e-02  -8.0156783e-02   1.6205195e-01  -4.3210037e-02   4.6221175e-04  -5.8902921e-02   6.7648413e-03  -3.6738549e-03   2.1000927e-02   3.6247138e-03  -5.5614842e-03  -2.8536819e-02   2.4082534e-02  -6.7441652e-03   3.0769808e-03  -8.6243645e-03   2.0315680e-03   6.5784555e-03   4.6675883e-04   5.7355271e-03
   1.4593031e-03  -6.8036864e-02   2.3246672e-04   4.6502663e-03   1.8181124e-02   3.0725944e-03   1.5079619e-04  -7.5827477e-03  -1.1990098e-02   2.3581488e-03  -4.2807549e-03   1.1615759e-02   1.5849890e-02  -3.7591150e-03   3.1481619e-03  -1.0015702e-02   2.8353591e-03   1.3432812e-02  -1.6324476e-02  -7.7675256e-03   9.2443459e-03  -5.3139929e-03   4.3749829e-03  -5.5484862e-04   2.3642598e-03  -4.2403214e-02  -5.7075824e-02  -8.7784816e-04   1.7716598e-01  -3.2856898e-02  -6.1313106e-03   8.6646964e-03   2.6438767e-03  -9.8729918e-03
   2.4523561e-03   4.8409717e-03  -6.5794684e-04   9.1743651e-03   9.0514958e-03  -3.1319311e-03   5.0980514e-04   1.1643501e-03  -3.6975356e-03   8.6075497e-03  -4.9431152e-03  -4.1510368e-02  -6.5017845e-02   4.4921636e-03   1.4886858e-01  -1.4233058e-01  -1.4410777e-03   7.8653744e-03   3.5219919e-02   2.1894981e-02  -1.4222558e-02   2.3944333e-02   3.1485564e-03  -4.5874263e-04  -4.9729352e-05  -2.9128117e-02   6.1909943e-03  -1.1716224e-03   1.7799234e-04  -6.8778845e-03  -8.1544469e-03   3.3500045e-02  -3.1754991e-03   2.7042528e-03
  -1.1610323e-04  -1.0920070e-02   8.0815226e-04   2.8885565e-03   2.0861915e-02  -9.0072511e-04  -4.5306479e-04   3.5699538e-03  -1.0943863e-02   2.7598041e-03  -1.6625866e-03  -7.2183056e-02  -1.8414014e-02   1.7492739e-01  -7.1230626e-02  -6.9816237e-03  -6.6179815e-03  -1.8815106e-02  -2.3483814e-02   1.7878674e-02   4.5007720e-03   1.0140909e-02  -3.0802767e-03  -3.8278672e-04  -1.1027380e-04   6.7046078e-03   4.5492109e-03   3.1440358e-04  -1.6216675e-03   7.5448780e-03  -1.2898565e-02  -1.8094291e-03   2.3176906e-03  -2.7141479e-03
