  -1.0744852e-01  -3.1032168e-01   3.0194772e-02   4.3115061e-01   1.5731664e-01  -1.7414448e-01   3.3957700e-04   1.6430359e-02  -1.4501802e-01   4.0841390e-02   4.7625374e-03  -1.3484045e-01   7.7775187e-02  -3.9883479e-03   2.1889033e-01  -9.0212671e-02   2.0179134e-02  -2.9953187e-02   1.4637909e-02   1.3280069e-02   1.5863981e-01   4.9161322e-03   2.3392702e-02  -1.8302336e-02  -4.0980483e-02   5.9867365e-02  -3.2628839e-01   1.1752054e-02  -1.1511351e-01  -2.4589302e-02   8.3936082e-01  -1.9985956e-01   1.2898837e-02   3.3631927e-02
   2.2483434e-01   2.0263576e-01   3.6977401e-02  -3.6621983e-02  -6.2818178e-02  -9.2344020e-02  -6.9021597e-03   5.0110009e-02   4.0991431e-02  -1.4198131e-02   1.9783488e-02  -4.1562686e-02  -4.7316501e-02  -1.8726795e-02  -6.5857639e-03  -1.0774715e-02   5.1761212e-02   6.4360258e-02  -2.0893345e-02  -1.9927791e-02  -2.8267187e-02   2.8770458e-02   4.5842275e-03  -1.2996897e-03  -5.8968340e-02  -1.5437253e-01   1.1993876e-01   2.3173313e-02   1.0433608e-01   4.1079569e-02  -3.0841859e-01   6.4673402e-02  -5.8822170e-02   9.1624822e-02
   9.8227626e-03   3.8627555e-02  -9.3636556e-03  -1.8875752e-02  -7.3339995e-02   1.7985399e-02   7.0411070e-04  -8.2872796e-02   9.6714744e-02  -6.6054230e-02  -2.5273963e-02   7.5872580e-02   4.0411320e-01   1.1525643e-02  -1.0479491e-01  -6.2395593e-02  -9.9587023e-02  -5.2035580e-02  -2.1667711e-02  -2.4813443e-03  -1.3408037e-01   2.4436777e-01  -8.0308237e-02   1.3555010e-02   1.4086567e-02  -1.3130792e-01   2.3663047e-02   4.3169124e-03  -6.0569666e-03  -5.8359274e-03   9.2613054e-03  -2.1863003e-02   1.7659576e-02   2.5762754e-02
  -3.8032752e-03  -5.7426638e-04   7.4619495e-03  -2.0925011e-02  -1.1333453e-01   1.8195122e-02  -1.0331545e-03   2.3809105e-03  -6.2493626e-03  -5.5557597e-02  -3.0882795e-02   5.1006696e-02  -1.1927356e-01   3.6784989e-02   2.7544075e-01   2.2335442e-01   1.7700791e-02   6.5986176e-02  -5.8912591e-02  -1.7185450e-02   1.4284524e-02  -1.7399392e-01   3.7694989e-02  -1.7520116e-03  -1.9446150e-03   2.5294338e-02   1.4645671e-02   3.8190538e-03   6.8651603e-03   5.3198555e-04   6.9573632e-02  -1.6147615e-02   9.0601449e-03  -4.0913669e-03
  -1.3202120e-03  -1.5069639e-03  -1.1162844e-02   9.9342165e-03   3.3406917e-02  -1.2908946e-01   1.6083955e-01   7.3292190e-03   1.6875271e-02  -3.6480271e-02  -2.5361338e-02   6.4104874e-03   2.3482974e-03   6.6352313e-03  -7.9839343e-04   4.1625230e-03   6.6325382e-03   4.4695489e-03   3.9635691e-04  -9.5886107e-04  -1.3041188e-02  -1.1436499e-02   8.5205023e-03  -1.9653024e-03   1.1288171e-02  -9.8875754e-03   8.0857664e-03  -3.3631933e-03   3.9900390e-03   1.4735140e-03  -7.2364060e-03   3.2648298e-03  -7.5848219e-03   1.1682752e-03
  -7.3192884e-02  -5.3094572e-02  -1.6319143e-03   8.3258225e-03   1.4189201e-02   3.1385094e-03  -9.8352718e-05   2.8562340e-04  -8.7019455e-03   9.4212057e-03   4.9012938e-03   3.3889626e-03  -2.9858064e-04   6.3773826e-03  -5.1548778e-03  -3.6185453e-03  -1.5398224e-02   1.2304203e-02   1.5310309e-02  -8.2089964e-05  -7.5631259e-03  -1.3634302e-02   1.3978824e-03   1.6236283e-03   1.3558280e-03   1.8363437e-02  -2.4041780e-02   1.5819513e-02  -1.0981798e-01   1.4776107e-01   6.4311276e-02  -5.4245071e-03   5.6042536e-03  -2.2840824e-02
  -3.1818959e-02  -3.6243694e-02  -3.0893704e-03  -1.4018097e-01  -1.3346156e-01   4.4484736e-01   3.3573313e-02  -6.1938059e-02  -3.4804781e-02  -4.7360458e-02  -4.3270539e-02  -4.3831766e-02   2.7420086e-02  -5.5860589e-03  -2.6757270e-04   6.3880454e-02   1.5195256e-02   1.5275032e-02  -1.9058407e-02  -2.7932201e-02   7.6022502e-03   3.3783084e-02  -2.6780371e-02  -2.0922276e-03  -2.4579907e-02   9.4036367e-02  -1.8249617e-02   6.3490737e-03   3.5580740e-03   1.1742501e-03   4.2167747e-02   2.2593465e-02  -3.4538527e-02   1.0970757e-02
   1.2726552e-02   2.5336586e-02   1.6334916e-02   3.5907805e-02  -1.3483243e-01  -6.1300401e-03  -1.2127323e-03  -8.1169052e-03  -5.9576117e-02   3.0341124e-02   1.0769767e-02  -9.9488107e-02  -3.7380611e-02  -1.8230827e-02   5.6139509e-02  -7.6700252e-04   1.8231907e-02  -8.0940730e-02   5.7883468e-02  -1.1249392e-01   1.7136037e-01   1.5249556e-01   2.0500140e-01  -5.8215553e-02   7.2867637e-02   7.2181514e-02  -1.0457575e-01  -1.4048155e-02  -2.2014050e-02  -6.5077153e-03  -3.1491238e-02  -7.2807257e-02  -1.3760563e-03  -9.4250771e-03
  -2.6576779e-02  -3.8757404e-02   5.1169806e-03   3.4755418e-03  -1.7932309e-03   1.6869832e-02   1.6212596e-03  -1.9401643e-02  -4.0339713e-03  -1.4013506e-02  -1.3713721e-02   3.7954388e-02  -1.9978998e-02   1.7927242e-03  -1.8148288e-02   2.7501007e-02  -1.7725647e-03   1.3141207e-02   1.5162580e-02  -1.8783545e-02   1.1487916e-02   7.5912807e-03  -2.8806046e-02  -9.9481916e-04  -2.6364336e-02   1.1046715e-01  -3.2513399e-02   2.0398896e-02  -1.8257034e-02  -6.7174855e-03  -3.2757243e-02  -1.9944451e-02   1.3606365e-01   1.2089725e-01
   5.3078765e-03   4.4324569e-03  -1.4305669e-03   1.3866317e-03  -1.4457043e-03  -1.4707426e-02  -1.9833397e-03   1.0333577e-02  -1.2945107e-02   3.0804436e-04   1.5239779e-02  -4.3622426e-03   9.3563456e-04   2.5150227e-03  -6.3979868e-03   1.4918785e-02  -1.4909085e-03   4.3522040e-02   4.4139553e-03  -7.7186218e-02  -8.4939653e-02   1.3565865e-02   8.0269339e-03   2.0964856e-01  -7.0944273e-02   7.6228965e-03   6.4462293e-04  -3.0080632e-03  -1.2232337e-03   1.4598172e-04  -2.7036734e-03  -4.1219045e-03  -3.7779091e-03  -1.8629855e-02
  -8.8231105e-02  -6.3191107e-02  -1.2133789e-02  -1.2592310e-01  -3.9253531e-02   4.3733748e-02   2.6970976e-04   1.7494156e-02  -5.1201161e-03  -2.1377909e-03   1.3729964e-02   1.4686883e-02  -2.3215873e-03   1.6782824e-02  -4.4105525e-02   2.1686315e-02  -3.0740173e-02   2.0299275e-02   1.5993293e-02   3.5865851e-02  -1.0417175e-01  -2.3164219e-02  -1.5782851e-02   2.3562008e-03  -2.8448009e-02   6.0943074e-02   3.4831510e-01  -4.3022340e-02   1.4907532e-01   4.5589844e-02  -1.3752171e-01  -2.6986207e-02   2.1567385e-02  -3.0486914e-02
   7.7015294e-02   3.8870184e-02   2.7656123e-02   1.6754817e-02  -9.8358292e-03   1.0969059e-02   2.3803522e-03  -1.7559510e-03   4.8228583e-02  -4.9909207e-02  -9.2363864e-04  -4.9342479e-02   1.0395129e-02  -1.5526067e-02   3.2425072e-02  -1.1102865e-02   1.5225431e-02   6.2920285e-03  -1.8569775e-02  -9.3148102e-03   4.1813406e-02   4.3832089e-03   1.1596297e-02   5.9849580e-04  -1.7091745e-02  -3.5695900e-02   4.5524227e-02  -1.9439972e-02   4.0134110e-02   1.5619665e-02  -1.0767278e-01  -1.4099116e-03   7.7975433e-02  -1.5548133e-01
   3.2376476e-03  -1.5973899e-02   2.5425836e-02   3.4974772e-03   5.9176425e-01  -5.0454545e-02   8.1808836e-04  -9.4411582e-02  -4.1529511e-02  -2.4983540e-02  -2.5919522e-02   2.2323892e-01  -9.7478774e-02  -2.0999464e-02  -9.6566662e-02   2.1053401e-02   1.2146011e-01  -4.8091275e-02  -5.2430416e-03  -1.3237668e-02  -4.5476468e-03   1.0529173e-02   2.1071997e-03  -5.9742905e-03   4.7781873e-02  -8.2388429e-02   1.1070988e-01  -6.5145624e-03   5.2812103e-02   9.8893659e-03  -5.1413469e-01  -1.2254626e-02  -2.2264434e-03  -5.3505335e-03
  -8.8636988e-03   1.4182618e-03  -8.9978639e-03  -1.9902236e-02  -1.1883203e-02   4.9378058e-03   3.3697999e-04  -4.6776558e-03  -1.9626561e-03   8.2794165e-03  -3.3576680e-03   4.3218483e-03  -9.6910809e-04  -3.1828451e-03  -8.9372622e-03   9.5104882e-03  -2.7765856e-03   1.2839733e-03   1.5243208e-02  -2.0028060e-02   1.4255251e-02   1.0082507e-02  -2.1818541e-02  -1.0616006e-02  -3.7775604e-02  -2.4569632e-02  -5.8238430e-02   1.9444831e-01  -4.4223836e-02  -1.0471418e-02   8.0951200e-02   1.6007342e-02   1.3622710e-03  -4.4188587e-02
   4.3694282e-03  -1.1621286e-02  -2.9176679e-03  -6.3707480e-03  -2.5062128e-02  -1.2362061e-01   6.1597424e-04   3.7434566e-01  -6.3253906e-03   3.8556000e-04   8.3140879e-03  -9.1846581e-02  -6.7555586e-03   2.7300139e-02   1.8702840e-03  -3.0005108e-02   1.8760974e-02  -5.1749262e-03  -2.6984381e-03   4.2644803e-04   1.5600373e-02   1.8965286e-02  -3.3665565e-03  -3.9783332e-03   4.3066701e-03  -6.2325731e-02   2.4128004e-02   4.1944284e-03   9.1520151e-03   2.1222013e-04  -2.9124174e-02  -8.1352252e-02   7.0363884e-03   3.9938320e-03
  -2.4124373e-03  -9.6206911e-04  -3.3521160e-03   3.1231115e-02  -2.6995035e-02   1.3680003e-03  -2.3369153e-03  -3.4787727e-02  -4.9943729e-03  -2.8801298e-02   1.1077839e-02   1.1604237e-01   6.5343733e-03   1.1596425e-02   1.7845108e-01   2.1764101e-02  -1.2005745e-01  -1.8348020e-01  -8.6889210e-02  -3.2685216e-03   7.8119781e-02  -1.1560707e-02   5.1469815e-02  -1.2521776e-02   1.6352249e-02   2.8059843e-02  -1.4231444e-02  -3.5485570e-04  -3.5544489e-03   2.2255365e-04  -1.1923130e-02  -1.7712293e-04   1.3438070e-03  -1.4280640e-03
   4.1757196e-03  -2.7686711e-03  -7.8969956e-03   7.8517697e-02  -6.0484376e-02  -5.9727184e-02  -1.9769063e-03  -8.5752167e-02  -1.0329795e-02   2.6407908e-01  -8.6075933e-02   2.4850679e-02  -2.4579867e-02  -1.3730669e-03  -6.3695599e-02   3.2018497e-02   2.4826994e-02  -2.0345832e-03  -1.1060327e-02   2.7131029e-02  -7.0141937e-02  -1.1636799e-02   4.4930052e-02   9.1005103e-03  -3.9973937e-02   4.0945031e-02   5.8587611e-03   5.4051978e-03   6.2724201e-04  -7.9696977e-05  -3.0662829e-02   1.2859202e-02   3.5545942e-03  -2.2864308e-03
  -2.8947362e-03  -7.3464758e-03   5.3627592e-03  -2.0354214e-02   3.7327162e-02   1.3697939e-02  -3.8865363e-03  -4.8708666e-02   3.5951001e-03   1.6728243e-02   2.3752841e-01  -1.2153302e-01   4.0236888e-02  -7.4340379e-03  -1.1733177e-01   1.2830862e-02   3.8721016e-02  -9.8950335e-03  -1.7921275e-02  -3.4502671e-02   3.1719332e-02   3.0996217e-02  -2.7175735e-02  -6.0821644e-03   2.5096837e-02  -3.7068131e-03  -7.0513741e-03  -2.0021384e-03  -1.3481330e-03  -8.5659535e-04   7.1387751e-03  -7.3058763e-03   7.8421487e-05   2.3227247e-03
  -3.4323155e-02  -3.4265247e-02   1.7166042e-01  -7.3045093e-02  -3.5686275e-03  -9.1661999e-02  -3.6780844e-03   1.4174331e-02   2.0804946e-02   4.9723984e-03  -1.2269128e-02   1.3815917e-02  -3.3331696e-03   4.4692024e-03  -8.3149618e-03   4.8741874e-03  -9.9390879e-03  -1.5401661e-02   1.9354643e-02   3.6169867e-04   9.7660405e-03   1.2185546e-02  -9.1617311e-03   2.8484406e-03  -2.7730409e-02   1.4164932e-02   7.2812603e-03   2.9032974e-04  -7.9425095e-03  -1.1813726e-03   8.3847438e-02  -3.6438591e-02  -1.5972502e-02   8.0377762e-03
  -4.3460293e-03  -1.1054607e-02   1.5740598e-02   8.1987524e-02  -2.2219321e-01  -1.5544718e-02  -1.3632895e-03   1.2765082e-02  -4.2922433e-02   3.6448763e-03   1.3314044e-02  -4.4166893e-02  -6.4713582e-02   3.0529855e-02   2.7499623e-02  -3.3977974e-02   1.3091055e-02   1.5135182e-02   1.0637086e-02   4.9237812e-03  -4.1728384e-03  -6.2646975e-02  -3.1088143e-02  -2.4657643e-03   3.8116919e-02  -8.7905601e-02   2.8918146e-02  -9.3305713e-03   7.3157041e-03   1.1535566e-03  -1.7954063e-02   3.7610263e-01   3.9484095e-03  -5.5104296e-03
   2.9701137e-04   1.9337462e-02  -1.1355751e-03  -1.0029239e-02   2.1401467e-02   3.9536984e-03   8.5937509e-05  -7.9572174e-03   6.6201084e-04  -1.4123002e-02  -2.6288352e-03   2.6923747e-02   2.2580928e-02   1.1190830e-02   1.3948593e-02   6.8405965e-02  -1.9352256e-01  -5.3498006e-02  -2.3400816e-02   2.8255470e-01  -3.0280387e-02  -3.4458045e-02  -3.2709574e-03   1.1957357e-02  -2.9157033e-02  -4.6588529e-02   1.6938627e-02   5.3646515e-04   2.1624960e-03   4.9645512e-04  -7.9751378e-03   1.1658912e-02   4.8109118e-03  -8.4184416e-03
  -4.8866517e-02   2.5539814e-01  -5.2803614e-03  -2.1925021e-01   6.8721557e-02   3.6120386e-03  -8.9709820e-04   1.1725025e-02  -1.2053278e-02   2.3568051e-02  -1.3232720e-03  -1.4128584e-02  -1.8956021e-02  -9.8470551e-03   1.5870018e-04   4.6583878e-02   8.7396171e-04  -5.4983389e-02   7.3741739e-02  -2.1668213e-02  -6.1644252e-04   5.5391482e-03  -1.1312231e-02  -4.0690328e-05   6.1125996e-03  -1.0731772e-02  -1.5099868e-02  -4.4157680e-03  -1.6329116e-02  -6.1433264e-03  -3.1541673e-02   2.1995565e-02   5.4546889e-03  -3.0884234e-04
  -6.5921681e-02   6.9888528e-02  -1.2859820e-03   2.0726711e-01  -4.7956136e-02  -2.2911727e-02   1.1957869e-03   1.8822436e-03  -2.9112299e-03  -1.6875588e-02   8.5658336e-04  -3.9717589e-02   2.5743884e-02   1.2293901e-02   3.0545405e-02  -6.0709251e-02   2.3438669e-02   4.1438152e-02  -4.9611180e-02  -1.0191979e-02   4.4956272e-03   2.3658964e-02   1.1460836e-02  -2.9696722e-03   2.0786458e-02  -1.0937889e-01   6.8480808e-02  -4.9714236e-03   1.5337176e-02   2.3301006e-03  -1.3256405e-01   9.5664697e-04  -2.0938630e-03   4.4235460e-03
  -2.7603136e-03   2.1575794e-02  -5.9021303e-03  -3.5431143e-02  -4.7072700e-02   2.1190773e-02   6.2486973e-04  -1.8625757e-02  -2.9709767e-02  -3.3738108e-02   2.5871691e-03   2.0279644e-01  -8.8846635e-02   8.9059032e-03   3.0637669e-02  -2.2433173e-01   1.3310306e-02   1.2545618e-01   4.9301154e-03  -2.6936143e-02   6.6947985e-02  -4.9291059e-02   8.0595559e-03  -5.3309622e-03  -1.1067155e-02  -4.1247881e-02  -6.4162390e-03   2.1978081e-03  -8.2249037e-03  -2.2961674e-03   8.2851528e-02   2.0764300e-02   1.9666077e-03   3.3166232e-04
  -3.4042353e-02  -3.4618178e-02   2.9089597e-03   4.3510963e-03   2.0322666e-02  -2.9280854e-03  -2.7185072e-04   2.0313181e-04  -1.1869545e-02   3.0105845e-03   2.2098676e-03   1.2863024e-03  -2.9853336e-04   2.7473999e-03  -1.9413951e-03  -4.6570331e-03   3.4095843e-03  -2.5593230e-03   1.3640663e-03  -1.2971778e-03   5.5028733e-04   6.4604711e-03   5.3639275e-03   1.0129008e-03   9.8193576e-04   3.0341904e-02  -1.4188316e-01   1.1920149e-02   1.4569108e-01   1.1095642e-02  -1.6058456e-02   2.9810722e-04   1.6136357e-03  -1.0287309e-02
   8.1741595e-03   9.3309382e-03  -4.8193926e-04  -3.7022597e-02   7.0836241e-02   8.4592670e-03   6.4571714e-04  -1.7767132e-02   1.9420383e-03   1.8629638e-02  -1.4071343e-02  -8.7842380e-02  -2.0319242e-03   1.3267199e-01  -6.9635596e-03  -9.7343990e-02   7.2932163e-02  -3.9836144e-02  -1.8008641e-02   1.5214460e-02  -3.2527284e-04   2.1907478e-02  -1.7764481e-02  -3.6247899e-03   3.6952471e-02   3.5830635e-02  -2.0625299e-02  -4.5890553e-03  -1.9671792e-03  -5.8848284e-04  -2.7628307e-02  -3.7162414e-02   1.4362695e-03  -4.8231063e-03
   5.6427039e-03  -3.2404507e-03   3.4757609e-03   1.3315678e-02  -2.7251630e-02  -1.0217998e-02  -5.5334368e-04   7.8177728e-04  -4.7496700e-03   1.0859988e-02  -1.0129399e-02   2.9729385e-02  -2.5708552e-02  -8.9062593e-03  -1.6361723e-02   4.8489142e-02  -4.4869666e-02   1.6608170e-02   3.2134960e-02   5.2967142e-03  -6.6207518e-02   4.0804737e-02  -6.9070548e-02  -1.6655962e-02   2.1178730e-01  -1.3350351e-02  -6.9374311e-02  -2.7751227e-02  -1.0259611e-02  -3.0640674e-03   4.8383976e-02  -1.8768889e-02  -1.3485676e-03  -1.1033144e-02
   3.6026669e-04  -6.2102965e-03  -4.5875381e-03  -5.4627743e-03   2.8967453e-02  -2.8084445e-03   1.1459436e-04  -1.6764514e-02   6.7062372e-03   4.7803819e-02  -1.8483094e-02  -5.5358813e-02  -3.8461352e-03  -3.0477175e-02   1.1911341e-01  -8.9930774e-02   1.8963982e-02  -1.1179095e-03  -4.4678013e-02  -2.1650063e-02   1.1156647e-01   9.4146489e-02  -9.4546431e-02  -2.4705142e-03  -1.5406412e-02   3.1248040e-02   2.7942172e-02  -3.7128590e-03   1.2985666e-02   3.8750384e-03  -5.0988166e-02  -3.0488714e-02   7.1524054e-04   7.1426492e-04
   4.7054355e-03   3.6664626e-02   2.3911216e-03   4.1787002e-02  -8.4413447e-02  -8.6858265e-03  -3.7285970e-05   1.0377815e-02   2.3136010e-03  -1.8429252e-02   1.0347921e-02   2.2954583e-02  -1.5851070e-02   7.5766213e-04  -9.5512338e-03   9.5183953e-03  -4.1914962e-02   4.4710781e-02  -2.8299730e-02   3.1745705e-02  -3.4530211e-02  -1.2238749e-02  -2.4662768e-02   6.5973383e-03  -2.7989163e-02   3.0226041e-01  -6.9225320e-02   7.3786145e-03  -9.5365732e-03  -3.8009337e-03  -1.2082579e-01  -2.7071249e-02  -2.5757448e-03   3.5127439e-03
  -3.1609613e-03   6.9699783e-05   1.5303263e-03   4.2515326e-03  -1.9924566e-02  -3.5141655e-03  -2.7392708e-04  -4.0547150e-02   3.0459914e-01  -2.6508441e-02  -2.6917845e-03  -8.6598430e-02  -7.2267805e-02  -5.8029561e-03   1.0899857e-04  -1.3498459e-03   2.0561721e-03   2.2301891e-02  -1.6366588e-02   7.4558482e-03   9.1744407e-03  -4.7852360e-02   7.7876535e-03  -4.4078214e-04   3.2519208e-03  -3.2549651e-03   8.5840973e-04   9.0879182e-04   1.3060623e-03  -2.3854516e-05   8.4752238e-03  -4.3174652e-02   9.2114643e-04   9.8613280e-04
   2.4653285e-03  -2.2639287e-02  -5.2400436e-03   5.3226668e-02  -2.0961403e-03   5.4787786e-03   6.9042524e-04  -1.0660294e-02   1.1233460e-02  -6.2468889e-03   2.0982513e-03  -1.1225566e-02  -3.2022904e-02   1.3899166e-02   1.5080697e-02   2.0801247e-02  -4.8031730e-02  -6.7934512e-02   1.8405584e-01  -2.1713186e-02  -5.0236763e-03  -2.4872661e-02  -2.8528322e-02   4.0496033e-03  -3.1182056e-02   1.9242660e-02   1.8190543e-02   2.3175825e-03   6.1223781e-03   1.1437568e-03  -3.3746889e-02  -1.6621880e-02  -2.0132109e-03   2.2257046e-03
   3.1841693e-03   2.5115913e-04   2.9742710e-03  -2.1537040e-02   3.7597315e-02   5.5836610e-03   3.3472322e-04  -3.0377581e-03   5.7130675e-03   8.3499819e-03   5.8265949e-03  -4.5277437e-02   2.0387990e-02  -1.8111414e-02   9.8926658e-02  -1.1620783e-01   2.5405023e-02   2.6065924e-04   4.4836311e-02   3.8953890e-02  -1.0938534e-01  -2.1753118e-02   3.1018661e-02   5.9774378e-03   2.1806411e-02   6.4558337e-03  -1.0252616e-02   1.4101789e-03  -2.0433973e-03  -7.8302044e-04  -1.8762980e-02   2.0112697e-03   2.0137319e-03   3.0324543e-03
  -1.8994915e-03  -7.5835378e-03  -5.0061971e-03   5.4847261e-03  -8.4315854e-03   1.1807057e-02   5.7696618e-04   3.3142431e-03  -3.3021423e-02  -5.9422826e-03   7.2733517e-03  -1.9583978e-04  -7.0888489e-02   7.2130384e-03   3.8265935e-04   1.2464021e-02  -2.9857451e-03  -1.6351585e-02  -2.8316340e-02   2.3754134e-02  -7.5741246e-02   2.1910819e-01  -2.2002625e-03   9.6336307e-03  -2.4073241e-02  -5.2031315e-02   1.1180826e-02   5.7686796e-03  -2.1527729e-03  -1.6752367e-04   3.6482973e-02  -2.3370161e-02   1.2738049e-03   3.7127952e-03
   3.7148874e-04  -9.6855305e-04   6.6146266e-05  -1.5652022e-02   6.6051895e-02  -2.1476722e-03  -3.2964107e-05  -3.7423506e-03  -1.4040685e-02   1.7413356e-02   1.6078341e-03  -4.9363131e-02  -1.7538262e-02   8.6395231e-03   3.0561975e-02   4.6748828e-02  -1.4932883e-01   1.1941543e-01  -1.0527455e-02  -1.3523440e-02   6.8884926e-03  -7.7462520e-03   1.0689438e-02  -2.7276874e-03  -3.2813700e-03  -3.2769965e-02   8.3426045e-03   2.0837353e-03   1.4362694e-03  -4.2256550e-04  -1.8967225e-02   8.1174711e-03   2.8780041e-05   2.8990669e-03
