   6.4972411e-03   2.3837850e-03  -3.0480227e-02  -8.6215899e-02   1.3094575e-01   2.5697269e-02   7.8319701e-04  -7.1360761e-02  -9.3288215e-02  -2.0897976e-02  -1.6000664e-01   1.4625290e-01   5.8869229e-02   2.4596743e-03   5.0524591e-02   9.7580902e-02  -1.4017235e-01   5.7440514e-02  -8.6802021e-02   3.5976405e-02   3.0650147e-02  -2.7093330e-03  -2.0644989e-02   3.2885433e-02  -3.1797688e-02  -1.3004468e-01   7.5817427e-02   3.4689341e-02  -1.0524689e-01  -8.6542722e-03  -9.6715454e-03   1.1411997e-01   2.9243709e-01  -1.4012863e-01
  -1.5202224e-02  -1.3704307e-01  -6.4250253e-02  -5.6766872e-02   3.7831947e-01  -6.1500944e-03  -1.2178560e-03  -9.5745427e-02  -4.9015865e-02  -2.3688041e-03  -9.3775849e-02   1.7018811e-01  -1.9801635e-02  -2.3035795e-02   6.9595014e-02  -1.7438731e-02  -2.0200193e-02   9.5000710e-02   5.9274027e-03  -8.3777060e-02   9.0532325e-03   1.3701070e-02  -1.5858957e-01  -6.6627962e-02   3.1074133e-02   8.4198358e-02   1.0954352e-02  -1.2301174e-02  -1.6247339e-01  -5.1682157e-02  -1.2697623e-02  -6.3742846e-02  -1.5336525e-02   3.6746291e-01
   1.9446590e-02  -2.8561736e-02   6.3105566e-02  -1.5808959e-02   2.9515936e-01  -1.7646262e-02   5.5199515e-04  -4.2632639e-02   1.8412003e-02  -9.0851391e-02   8.6160123e-02  -3.7366661e-02  -1.1425338e-02   9.3422126e-02   1.2347033e-01  -2.3667436e-01  -1.0697333e-01  -3.0117446e-01   6.7807059e-02   1.0699701e+00  -4.9667367e-02  -7.0113666e-02   1.6168522e-02   3.1299095e-02  -1.6492068e-02   9.2695364e-02   3.4267400e-03   8.9315536e-02  -3.3098296e-01  -3.3924537e-03   5.8608143e-03  -3.5830963e-02   1.0153338e-01   4.7686550e-02
  -1.0393908e-03   2.0012533e-02   1.1702677e-02   7.5632281e-03  -6.6154881e-01   3.3022705e-02   5.7903618e-03   1.1292983e-01   5.9159540e-02  -3.1769245e-02  -1.0742050e-01   8.2031024e-03   3.0384319e-02  -1.4662868e-01  -8.9746079e-02   2.8524910e-01  -1.9168882e-01   1.1728439e-01  -2.2606054e-02  -4.6387160e-01   5.6252608e-02  -5.8049227e-02  -2.4335706e-02   1.5290153e-03   7.1731809e-02  -6.7020084e-03  -4.6321077e-02   2.0867069e-02  -5.1704561e-02   3.5687779e-03  -4.6955564e-02   1.0941889e+00   2.9849056e-02   2.3995652e-02
   4.3035192e-03   4.6553360e-03  -5.0835518e-02  -2.0919453e-02  -2.4076338e-02  -1.6847727e-02   1.7065592e-01   1.8313106e-02  -4.2737351e-02   9.7666789e-02  -1.4729410e-01  -2.5582056e-02   2.6248295e-03   2.2736647e-02   3.7769434e-02  -1.3855189e-02  -5.5273057e-04   1.2209005e-02   1.7563873e-02   1.6208425e-02  -2.6383399e-02   5.6201652e-03  -1.8931023e-02  -1.3999177e-02  -8.8784133e-03   2.2542390e-02   3.2531353e-03   6.2946923e-04   7.6619370e-03   3.4966490e-04  -2.5717546e-03  -8.5374680e-03  -4.2148618e-03   5.6148356e-03
   3.5864128e-02   1.1771692e-01  -4.1475816e-02  -6.4145638e-03  -1.0207296e-01  -3.1810723e-02  -2.0682229e-03   6.9979772e-02   3.5121216e-02  -2.0005307e-02   1.2442782e-02  -3.2102995e-03  -1.3933320e-02   3.0750485e-03  -2.4780068e-02   1.0532207e-02   2.0643737e-03   5.3911065e-02   3.1474314e-03  -2.9385345e-02  -3.7364421e-02   2.2029707e-02  -2.6914877e-02  -3.5203277e-02  -9.4147141e-02  -1.4794712e-01  -4.6933236e-02  -4.7409824e-02   2.8307991e-01   4.8600982e-02  -1.0203529e-01  -4.1055706e-02   1.3652143e-01   1.7829920e-01
  -1.2248875e-03  -2.2281118e-02   1.4327546e-02   6.7714295e-03   9.3367107e-02   1.5556597e-02  -2.1276007e-04  -7.2444687e-02   1.6061207e-02  -5.0827417e-02  -1.4984264e-01   1.9524998e-01  -8.7393128e-03   7.7252112e-01  -2.2271845e-01  -1.2040370e-01   1.4057990e-01  -1.3249614e-01  -5.5831340e-02  -1.3356552e-01   2.4013100e-02  -4.3820062e-03   6.1897323e-02   6.2702309e-03   4.0931306e-03  -5.8204188e-02   1.2994038e-02  -7.4243194e-03   2.6001313e-02   2.5211389e-04  -4.9534799e-03  -3.4931779e-01   1.0090837e-02   3.4884266e-02
   6.9020106e-04  -1.8807663e-02   1.6548616e-02  -2.1509149e-02  -1.1528363e-02   1.0417332e-02   2.6562124e-03   4.3994054e-02  -3.8416766e-02   2.8260577e-02  -2.9272145e-02   1.5993459e-02  -2.5423942e-03  -1.3535416e-01  -2.3570900e-01   5.5667169e-01   9.3121970e-02  -1.4086302e-01  -2.4831071e-02  -2.1643256e-01   3.3735487e-02   2.6036098e-02   2.2007957e-02  -2.2888372e-04   2.4590091e-02   8.3698253e-03   8.8925544e-03  -1.0524297e-02   1.1141035e-02   4.2356840e-03  -2.4463852e-02   3.3353790e-02  -4.1014022e-03   3.3943040e-03
   4.9333329e-03  -4.0530526e-02   3.7103603e-02   8.8496244e-02   9.1808625e-01  -7.9566839e-02  -4.7755935e-03  -2.9332530e-01  -5.4793347e-02   7.0320817e-02  -2.9452100e-02   1.2683028e-01   1.3144485e-02  -8.2723430e-02   6.7029730e-02  -1.3434122e-01   1.5761001e-01   6.1716878e-02   5.2636885e-02  -2.0907051e-01   6.6370521e-03  -2.1800977e-02   2.3152667e-02  -1.0849643e-02   1.0171043e-01   7.4672385e-03  -1.2329010e-02   5.6690053e-03  -1.5732091e-01  -1.0792111e-02  -9.2170498e-02  -5.0954838e-01  -7.8827182e-03   1.9212078e-02
   3.5782896e-03   6.9610511e-03  -8.8283803e-03   3.9169816e-02  -1.3291132e-01  -5.0959533e-03  -5.8399903e-04   3.9638017e-02  -1.4924464e-02   9.5007900e-04   9.3264457e-03  -8.1890158e-02  -5.1366586e-03  -1.6882177e-01   4.5853179e-01  -1.0322904e-01  -8.9958929e-02   3.7838422e-02   5.7309825e-03  -6.9084969e-02   1.9649828e-02  -4.2133116e-02   6.4429215e-03   8.4533520e-03  -1.0971207e-02   2.4230121e-02   9.3968721e-05   6.8703522e-03   1.1153066e-03   1.2857430e-03  -2.7510733e-02   1.2308967e-01   4.1590505e-04   3.6398896e-05
   1.5813145e-01  -8.1745767e-02  -2.6551631e-02  -2.3806790e-02   6.5014443e-02   5.6009702e-04  -1.4123204e-03  -7.0921889e-03  -5.0869929e-02   1.4179686e-03   9.0092270e-03  -2.4316547e-02  -6.6007609e-03   3.4656501e-02  -1.2153920e-02  -4.9345303e-03   1.1476821e-03   8.4398035e-03   1.6822773e-02  -1.0753340e-02  -9.1652981e-03  -8.1107604e-03   1.7676401e-02  -6.7604727e-04   3.2995691e-02   3.3702160e-02   6.9118430e-03  -2.6462903e-02  -8.5082195e-02  -4.3608045e-02  -6.0354953e-02   7.4879092e-02  -6.3907672e-03   1.4028744e-02
  -1.7428245e-02  -6.2658571e-02  -4.6023139e-03  -1.1855652e-02   4.0114917e-02   9.9312843e-03  -1.2846632e-03  -1.7756847e-02  -3.7497384e-02   1.2055562e-02   8.1890112e-03  -4.2874856e-02   1.2221738e-02   4.1642324e-02  -4.4494364e-03  -1.4746866e-02   9.5277809e-03  -1.3935344e-02  -1.1841349e-02   1.7492458e-02   1.1050567e-02  -1.4440657e-02   2.0287611e-02   2.4883741e-03   2.8106373e-03   4.4396791e-03   6.7393675e-03  -4.8073413e-02  -1.9866818e-01   1.5539719e-01   6.0886473e-02   6.4553385e-02   7.0116793e-03   6.4808373e-03
  -4.3887622e-03   9.3786366e-04   9.6747731e-03  -2.8328807e-03  -7.7371823e-03   6.3094804e-03   5.3257481e-04   3.0239280e-02  -2.8393013e-02   1.1320262e-02   4.2486735e-02  -7.0358658e-03  -2.4941853e-02  -2.1180587e-01   1.0732127e-02   2.1577699e-02  -1.9735806e-01   6.4217409e-01  -3.8215851e-02  -1.7445336e-01  -3.0032765e-02  -1.0516134e-02  -1.9877049e-02  -9.0888371e-03   1.6782912e-03   1.2641384e-02   6.9951693e-03   6.1220184e-04   8.6753172e-03  -6.1630506e-04  -1.5715433e-02  -3.2706377e-02   5.3709790e-03   1.2265393e-02
  -6.9269356e-03  -1.8014941e-02   1.5683653e-01  -7.4829630e-02  -1.7040128e-01   8.3699088e-02   1.2183901e-02   2.4953669e-01  -1.3181740e-01  -3.3451431e-03  -4.6720018e-02  -3.5922296e-02  -5.8811531e-03   1.4171169e-02   2.0229744e-02  -2.8963439e-02   2.6285831e-02   2.2716030e-02   1.0147347e-02  -1.7548935e-02  -1.4989621e-02  -1.9473042e-02   6.7090595e-03  -3.5243618e-03   1.8498169e-02   1.4897453e-02  -8.1812795e-03  -9.0607275e-03  -3.9739471e-02  -5.8217306e-04  -1.1305908e-02   5.4550380e-02  -3.4872294e-02   2.2220079e-02
   2.7097869e-03  -1.2644948e-02  -1.2149506e-02  -1.8676746e-02   1.4890453e-02  -4.3344071e-03  -3.7613224e-03   1.0917992e-02   3.8237691e-02  -8.1019994e-02   3.1122553e-01   8.5248227e-03  -4.0577629e-04  -1.1088892e-01  -1.8215975e-01   1.3529029e-01  -6.0779841e-02   2.2797144e-02  -4.9784252e-03  -3.8929168e-02  -1.4678509e-02   3.2906406e-02   8.4146430e-03  -4.3587895e-03   1.0148375e-02   7.9883555e-04   1.2896598e-02  -1.1761578e-03  -1.4199197e-02   2.6484901e-03   5.9856546e-03  -1.7268576e-02   5.7959875e-03   7.4103016e-03
   6.1125714e-04   3.3682160e-03  -1.2786774e-02   1.2669882e-02  -7.8664662e-02   4.3747432e-03  -5.1388059e-04   6.8108963e-03   7.1427771e-02   2.2815432e-03   7.4836933e-03  -5.0889571e-02   7.3594450e-03   2.9075357e-02  -1.5502848e-02   2.9602407e-02  -2.3735738e-02   1.1133388e-02   2.2733170e-02  -3.7287433e-02  -4.6931168e-03  -4.5795356e-02  -2.5261516e-02  -2.1131557e-02   2.3883697e-01  -4.8804198e-03  -1.4002233e-02   1.2392193e-02  -2.8905247e-02   3.4917907e-04   8.7728576e-03  -6.8031092e-02   5.9560189e-03  -3.7542208e-02
   4.1641287e-03  -1.9034379e-02  -5.5547285e-04   3.0188778e-01  -4.2993151e-01  -3.4647049e-02  -8.7802053e-04  -5.2968765e-03   5.7275156e-02   1.2639805e-02  -2.5280264e-03  -8.3396784e-03  -1.7309078e-02   1.7030357e-02  -4.1207515e-02   6.2756875e-02  -5.1427186e-02  -9.1711240e-03  -6.2417642e-03   3.9980157e-02  -8.1419273e-03  -4.7138940e-03   1.2438527e-03   4.6840127e-03  -2.8768054e-02   2.0443441e-02   1.6447222e-02   1.0608738e-02  -4.0350260e-02  -7.6609777e-03   2.7613050e-02   1.4352652e-01  -7.5856331e-03   4.9603980e-03
   4.3846841e-03   1.7687812e-03  -1.5731290e-01   2.6393338e-02   2.2319774e-02   1.6155029e-01   1.1839203e-02   7.4762041e-02  -2.7091622e-02  -5.2974618e-02  -9.9454760e-03  -8.1071573e-03   3.8655750e-03   5.7396253e-03   7.1281447e-03  -4.9612801e-03   2.9449481e-03   6.9416800e-03   7.4103228e-03  -4.7087686e-03   5.9236230e-03   1.0183299e-03  -2.5928095e-03  -1.9340041e-03   1.7825562e-04  -1.7971615e-02   4.7714824e-04   3.2149561e-03   1.8894443e-02   2.5649724e-03  -1.6724805e-02  -6.6188076e-02   7.3566908e-03  -5.0702575e-03
   9.2850961e-04  -4.8962068e-03   3.6228517e-03  -3.3295758e-03  -6.9247821e-03   5.8317731e-03   6.1138050e-04   1.1218805e-02   2.9011641e-02   6.8954463e-04  -1.5081730e-03  -5.1433580e-03  -3.6822519e-03  -1.6881102e-02   1.1385585e-02  -1.6121671e-02   2.3689099e-02   1.3910490e-03   9.1575039e-04  -3.2701163e-02   2.5109135e-02  -2.4527630e-03  -4.6265800e-02   4.6306755e-04  -3.0652247e-02  -7.2455311e-02   2.8122072e-01   3.9642826e-03  -8.6133104e-02   3.8901581e-04  -6.9571274e-02   7.3687882e-03   2.2379875e-03  -8.5355658e-03
   1.4555923e-03  -3.7262149e-03  -5.0143611e-03  -1.7312843e-02   4.4119853e-02   2.9919329e-03  -4.8703234e-04  -5.2533868e-03  -4.1842693e-02   9.1352439e-03   4.1729269e-03   3.7908179e-04   1.9431914e-03   9.0991590e-04  -1.5154699e-03  -2.6974981e-03   1.1317539e-02  -2.2592624e-04   2.3837842e-02  -2.6508270e-02  -6.2831970e-04   9.8586210e-03  -2.8990534e-02  -1.5591406e-02  -6.7589072e-02   8.8329576e-03  -2.6520956e-02   2.0380427e-01  -6.1670772e-02  -1.4059837e-02   1.3026643e-02   1.5880784e-02   4.9039609e-03  -3.9592062e-02
   6.8435396e-04  -6.8955537e-03  -9.5861806e-03   5.0897659e-03  -5.9563564e-03  -3.5330905e-03  -7.7587745e-04  -1.7195544e-03   5.9387971e-03  -2.1267907e-03   1.7970770e-02  -5.6597194e-04  -5.7678378e-03  -1.8552957e-03  -9.2634060e-03  -1.0843352e-02   4.1411128e-02   2.3387727e-02   1.3026623e-02  -1.2480423e-01  -2.6924549e-02  -1.2147457e-02  -1.9577460e-02   1.9129966e-01  -2.1421825e-02  -2.1142265e-03  -1.6612344e-02  -7.6472619e-03   1.2024497e-02   1.1397224e-03   2.7503456e-02  -2.6028744e-02  -2.4036800e-04  -1.7511614e-02
   2.0323959e-03  -1.9907234e-02  -6.8853346e-03  -1.7036921e-02  -2.3442225e-01   1.3384861e-02   5.2209354e-04   4.3877761e-02  -1.2227518e-02   6.0086798e-03  -1.4101759e-02  -1.5855690e-02  -9.2020104e-03   3.5244429e-02  -2.9572870e-03   1.2542685e-02  -2.3846140e-02   4.2542865e-02  -3.1588961e-02  -1.5256910e-03   1.3383057e-02   1.1923480e-02  -6.9959488e-03  -6.9987117e-03  -1.2279114e-02  -6.5591464e-02   4.8853864e-03   1.4102456e-03  -1.0291703e-01  -5.4792111e-03   4.0930321e-01  -1.3986812e-02   1.1484628e-03   6.8919001e-03
   3.2084640e-04  -7.5861158e-04  -8.9614794e-03   3.9325445e-02  -2.1960011e-01   5.8223002e-03  -6.7612273e-04   1.9571522e-02   6.5601043e-02  -1.3124303e-02   6.1740409e-02  -3.7913561e-02  -6.1095256e-03  -4.4061590e-02   5.2381607e-02  -2.1777322e-01   2.5813753e-01  -4.1597686e-02  -1.6627987e-02  -1.0819361e-01   3.2739319e-03  -1.1393626e-02   5.0904087e-04  -4.8187111e-03   1.8534641e-02   1.6488110e-02  -1.5885684e-02   4.6342037e-03   8.9894398e-03  -1.1630902e-03   1.7738681e-02   1.6958544e-01   6.2750215e-03   3.5054320e-03
  -2.6192070e-03   2.1341454e-01  -3.3996069e-02  -5.3477957e-02  -9.7972322e-02  -1.2300310e-05  -1.6108580e-04   1.4522422e-02  -1.5525334e-02   2.3435584e-03   9.5463990e-03  -1.3224566e-02  -1.5214779e-02   1.7962442e-02  -1.1089659e-02   4.5637936e-03   1.4921218e-03   1.2873371e-03  -1.5201458e-05  -3.1043435e-03  -9.8722509e-03  -6.4819526e-04   5.8857558e-03   4.0046549e-03   1.2440663e-02   2.3468493e-02   1.2128428e-02  -7.1836381e-04  -1.0969953e-01  -9.8689554e-03  -3.8948985e-02   8.6158871e-02  -4.0043233e-03   5.4828660e-03
   1.7698852e-03   5.6286064e-03  -3.2977191e-02   8.3243176e-03   4.3598091e-03  -3.0017663e-02  -8.9963987e-03  -8.1855913e-02  -4.5473002e-02   3.1190108e-01  -1.1014949e-01  -3.2145853e-02  -3.9028299e-03  -2.7511086e-02   1.7974911e-02   2.5559765e-05  -2.1874764e-05   1.1106699e-02   6.9428332e-03   2.4345253e-03  -1.3585194e-02  -3.4064101e-03   7.8608878e-04  -2.8590030e-03  -9.0278749e-04   4.1792837e-03  -9.2805858e-04  -5.2774325e-04   5.7816019e-03   2.9141584e-03  -3.4045447e-03   1.6317198e-02   2.9009327e-03  -8.6162872e-04
   1.2616055e-04   2.6958336e-03  -3.4714764e-03  -6.2103999e-03  -2.2281358e-02  -1.2963701e-03   1.5792159e-04  -5.7255785e-03   5.4906883e-02  -1.3274427e-02  -1.5780528e-03   9.3569079e-03  -2.9848115e-03   2.4835212e-02  -1.9625408e-02   1.2273604e-02  -1.4994839e-02   4.1119994e-02  -1.6295597e-02   2.1232709e-02   2.0769573e-02  -2.3567809e-01   4.6050824e-02  -2.3986624e-03  -1.1285186e-02   1.5872788e-02   1.2176437e-04   3.3795212e-03   2.9529740e-03  -1.1441617e-03  -3.8905185e-03   1.0804471e-01   8.0237312e-05  -2.6379251e-03
   2.4819421e-03   6.8250524e-03   2.6443391e-03  -1.9389937e-03  -1.2593319e-01   1.0541556e-02   8.9064278e-04   4.6280970e-02   1.9934120e-02  -4.2467437e-03  -5.0113749e-03  -5.2723496e-03   6.0218165e-05   1.6224504e-02  -3.7931205e-03   1.5373061e-03   2.3122077e-03  -8.8736578e-04  -1.5379325e-02  -2.1258565e-03   1.5275627e-02   4.0936848e-03  -5.5594138e-02  -2.7647843e-03  -2.0211029e-02   3.1547723e-01  -1.3998814e-02  -6.7217306e-03  -2.1006547e-02   2.7672702e-04  -3.3818430e-02  -1.2915847e-01   9.5050113e-04   2.5845448e-03
  -4.4473340e-04  -3.2654924e-03   2.3627048e-03  -4.8810582e-03   9.1863936e-03   1.6312510e-03  -1.3858896e-04   3.8005235e-03  -4.2053162e-02   7.5322854e-03   5.6205360e-03  -1.7425091e-02   2.2887789e-03   7.7992035e-04  -1.8152169e-04   7.2471024e-03  -1.1083820e-02  -6.0932187e-02   2.2774725e-01  -3.8121560e-02  -3.3741207e-02  -2.8967269e-02  -4.0435260e-02  -9.7537043e-04  -1.1824223e-02   7.9317890e-04   4.0541496e-03   1.5270825e-03  -4.4049689e-03  -1.7782757e-03   2.6737853e-02  -1.0181046e-02  -2.6000581e-04   5.8763501e-03
  -7.1997629e-04   6.5159948e-03   9.5712814e-05   9.1043727e-03   1.8984152e-03  -1.6899067e-03  -3.3345521e-04   1.3402253e-02  -1.0026028e-01   1.0227943e-02   1.9619180e-02  -3.0989148e-02   1.7777363e-01  -3.3540214e-02  -1.5300578e-03   6.9010677e-05   5.4077780e-04  -2.5245244e-02  -1.7608693e-02   6.4855042e-03  -4.2479121e-03  -2.1817809e-02   4.5991355e-03   1.1514908e-03  -5.3253055e-03   1.5873760e-02  -3.7911821e-03   2.5033690e-03  -4.3857954e-03  -1.0675155e-03  -2.1123951e-03  -1.4355245e-02  -3.3210752e-04   1.1209970e-03
   2.6181806e-03   5.1372294e-03  -1.5222609e-03  -5.1322980e-03  -3.1361371e-02  -1.6032963e-05   5.6071864e-04  -1.1053895e-02   1.5471908e-01  -3.8643082e-02  -1.2389465e-02   1.4892808e-01   2.1703751e-02  -1.6112552e-01   2.7203926e-02  -7.7981180e-05   6.7343183e-03  -1.9582482e-02  -6.1094472e-03   8.8126561e-03   7.4288594e-03  -5.3839574e-03   5.8055428e-05  -2.9948964e-04  -3.1606358e-03   8.2437446e-03  -1.3494923e-03   4.4639506e-03  -1.3603972e-02   9.7394587e-04   3.9207174e-02  -1.2802613e-01  -3.4329207e-04  -3.4072429e-04
   5.5712037e-05   3.8961664e-03  -3.8928438e-03   5.1042565e-03   3.2898165e-02  -4.8476007e-03  -5.3445359e-04  -6.7396433e-03  -1.3127875e-02  -1.0142483e-04   6.4486738e-03  -7.3335421e-04  -3.5871593e-03   7.0377063e-03  -1.8518139e-03  -5.7097932e-03   2.3485936e-02  -5.1146494e-03  -5.2868732e-03  -1.2288825e-01   2.4216266e-01  -1.2072175e-02  -4.0039153e-02  -1.6348971e-02  -2.3549322e-02  -5.2318563e-03  -8.2175882e-03  -5.8394494e-03   5.9477801e-03   2.1958846e-03  -4.9643741e-03  -3.6633527e-02  -3.6721257e-04  -1.4596740e-03
  -5.2545963e-06   1.6740664e-03  -1.5122355e-03  -2.3403481e-03   1.1063449e-02  -4.4516747e-04  -5.2315535e-05   9.8454218e-03  -1.4189038e-02   1.6542417e-03  -6.4956584e-04   4.4296487e-03  -1.8493249e-03   5.2586320e-03   2.1960411e-03  -4.8331775e-03   1.5568257e-02  -2.0884168e-03  -1.4167774e-02  -1.0477323e-02  -1.1412647e-01  -1.6843151e-02   2.9477375e-01  -4.1706478e-03  -2.5411618e-02  -3.7308718e-02  -5.4099698e-03  -3.2180092e-03  -5.0989096e-03   3.5144225e-04   6.4759742e-03  -8.9780659e-02   1.2686344e-03  -2.8611366e-03
   8.4958726e-04  -1.2945835e-03   3.9692331e-03  -7.0616193e-03   5.6628271e-02  -3.3035887e-03   4.0902998e-05  -2.5866529e-02   2.3799218e-01   9.2921686e-03   1.4781083e-02  -1.6052110e-01   6.1829121e-03   1.9513458e-02   1.3471185e-03   3.1246092e-03  -2.1706208e-03  -1.4629276e-04  -6.9884134e-03  -6.7174483e-05  -6.2591687e-04   1.3927739e-03   1.6415996e-02   1.8681521e-03  -1.4279997e-02  -3.9616257e-03  -2.9554207e-04   2.9309531e-03  -2.8588529e-03  -6.0918185e-04   2.7973027e-03  -1.5045029e-01  -7.2937296e-04   2.1574573e-03
   2.7243223e-04   2.5885503e-03  -4.7199280e-03   7.6950594e-03  -2.6407708e-03  -9.0818888e-02   1.6364413e-03   2.2720862e-01  -4.2112802e-02  -6.7013567e-02   1.2264993e-02  -1.0361155e-02   1.3979152e-03   5.2614387e-03   1.6861438e-03  -4.1713493e-03   2.9127943e-03   4.8543861e-03  -1.9359976e-03   3.0196768e-04   5.3727321e-03  -6.0303979e-05   1.3878495e-03   8.9457838e-04   2.6994107e-03  -8.1908804e-03   5.7448150e-04   1.2923534e-03   3.2907928e-03   5.1405449e-04  -3.2823099e-03  -5.3597951e-02   3.0597054e-03  -2.0559821e-03
