   2.9131211e-01   6.5433731e-01  -4.0139145e-02  -3.3389424e-01  -3.6172540e-01  -6.5304500e-03  -6.8540399e-02   2.5992991e-01  -2.2140671e-01  -2.1475535e-01   1.3308685e-01   3.9393588e-02   3.8124958e-02   4.0550144e-03   6.6862098e-03  -1.0302471e-01  -2.0110585e-02   1.8117327e-01  -6.6627825e-02  -3.9402895e-02  -2.8392474e-02   5.9428614e-03  -1.2989988e-02  -3.8442538e-02  -2.6723569e-02  -1.3542700e-01   3.1890085e-03   2.8373392e-01  -1.9212309e-01  -3.2381742e-02  -1.5715402e-01   2.2524726e-01   4.6907287e-02   3.4536958e-02
  -1.1266139e-02  -5.3568573e-01   4.9464171e-02   1.0806785e-01   3.2288994e-01   1.6611716e-02   3.3621205e-02  -1.4454575e-01   2.0496374e-01  -1.4043683e-01   5.3750877e-01  -5.1470677e-02   1.8931150e-01  -3.6587685e-01  -4.5820821e-02   2.6164376e-01  -7.0734934e-02  -1.2045610e-01  -2.8156966e-01   2.9047183e-01   3.8342414e-02   1.4407306e-01   3.6146517e-02   8.1179764e-02   6.1491848e-02  -1.9977793e-02   1.0004483e-02  -2.8540174e-01   1.3017346e-01   2.7060941e-02   1.3552872e-01  -9.6479963e-02   2.0938701e-01   2.2348513e-01
   2.2067575e-02  -5.1156313e-02  -7.6162907e-03   5.5607925e-02  -8.6840953e-02   2.2507606e-02  -5.1371671e-02   4.6901949e-02  -6.2834863e-02  -5.0404539e-02  -1.2455761e-01   1.8032289e-02   2.5540863e-02   1.2000100e-01   1.8952165e-02  -5.0185269e-02   1.9799166e-02  -4.6966084e-02   6.1540715e-02  -6.1743510e-03  -2.2541105e-02   9.3248245e-03  -2.5097725e-03  -3.7228162e-03  -1.1653811e-02   7.3214504e-02  -7.1051896e-03  -1.5543372e-02  -1.6189916e-02   1.6088478e-02  -4.1435804e-02  -6.1965285e-02   3.5138883e-01  -1.0729386e-01
  -2.5575258e-02  -3.6690771e-02   7.3630965e-03   7.0201653e-03   8.7745535e-02  -4.8206129e-03   3.8075800e-02  -1.6983140e-01  -1.5995280e-03   4.4009348e-01  -8.0423434e-01   1.2074602e-02  -8.1829973e-02   1.4631399e-01   9.5222410e-02   1.5455860e-01  -1.9032493e-02  -1.9770280e-01   4.3643071e-02   4.9665539e-02  -3.9962596e-03  -2.9804322e-02   3.3694619e-03   4.6747529e-03  -4.1010116e-03  -5.6427048e-02   7.6694115e-04  -1.8181166e-02   2.3931057e-02  -2.1075674e-03   2.9652410e-02   2.7269868e-01   2.8688542e-02   2.3441886e-03
   3.8106303e-02  -3.6944697e-02  -2.5772426e-02  -6.8629906e-03   1.5167726e-01   1.5690758e-02  -5.0296935e-03  -1.3122920e-01  -4.5788466e-02   5.2110100e-02  -1.4628093e-01   1.0192349e-01   3.3545097e-02   9.2940806e-02   2.4150530e-02  -7.0796846e-02   3.1357542e-02   3.8906086e-02  -4.7475598e-02  -8.0043325e-02  -1.5102984e-02  -6.4237685e-02   8.0484244e-02  -7.7036536e-02   6.6378442e-02  -2.7927449e-03   3.5001950e-02  -9.0961686e-02  -9.3265059e-02  -2.2512583e-03  -3.6604259e-02  -1.0996860e-01  -2.6035451e-02   3.5462860e-01
  -4.1710310e-04   4.6987963e-02  -3.8494281e-03   1.9942191e-02  -2.3617198e-02   5.1197206e-03  -2.1292840e-03  -5.8545500e-02  -1.4311162e-02   7.4355352e-02  -2.1690642e-01   2.7809092e-02  -1.4888213e-01   1.2798373e-01   2.2441453e-01   1.5113604e-01  -9.3357718e-02  -1.3662980e-01   1.7357142e-01  -9.8175297e-03   4.3033945e-03  -1.2041183e-01   9.6175974e-03   3.1611870e-03  -4.7526232e-03   4.2468250e-02  -2.8770578e-03   2.3375663e-02  -1.8622487e-02   5.2280148e-03  -3.3487625e-02  -3.4966322e-02  -1.6307429e-03  -1.5228785e-02
   1.2673148e-02  -2.9724113e-02   3.5914522e-03  -1.8250208e-02   3.1200092e-02  -1.9936600e-03   4.4511999e-03   7.0035162e-04   1.8557161e-03   6.5874323e-03  -3.1950257e-04  -4.4965463e-03  -5.0081393e-03  -1.6783413e-02   3.8267338e-03   3.3931049e-03  -2.3696776e-03   2.9824864e-03   8.2378369e-03   2.0604491e-02  -6.4702137e-02   5.9828528e-02  -1.1004235e-01  -4.0964521e-02   2.4287857e-01  -2.9907056e-02  -4.6384742e-02  -2.9174687e-02   1.6492835e-02   5.9775919e-04  -4.5232061e-03  -1.4969574e-03   2.2651401e-03  -1.8231609e-02
   2.9971512e-03  -4.9790615e-02   6.6438819e-03   2.7357256e-02   4.8912234e-02   1.9437859e-02  -2.8357601e-03  -1.1225771e-01  -1.1132030e-01   4.4713727e-02  -3.8851407e-02  -4.5366330e-02   9.4835191e-01  -9.8432172e-02  -3.4933689e-02  -2.6306699e-02  -2.6100704e-03  -1.1516827e-01   3.4781608e-02  -7.3695892e-03   1.9878739e-02  -5.4893245e-01   6.4991745e-02  -3.6343215e-04  -1.0978161e-03   1.1615263e-02   3.0995488e-03   5.7472935e-03   9.7679734e-03  -3.6873766e-03   1.8799560e-02  -6.0099386e-02   2.4991257e-03  -1.6063934e-04
   7.7820642e-02   2.8570840e-01  -1.0230584e-02  -1.2533014e-01  -2.1162714e-01   8.5584143e-03  -5.4768627e-04   3.9363495e-02  -3.9312638e-02  -1.8568628e-02   6.0916353e-03   3.4993210e-03  -5.2500097e-02   3.1582687e-02   5.5952888e-03  -1.7511940e-02  -1.1495908e-02   4.0345097e-02   2.4386439e-02  -1.4223033e-02  -1.8252549e-02   8.5934113e-03  -1.5994581e-02  -1.1941274e-02  -7.9740123e-03  -8.3779636e-02   3.3692636e-03   1.4531549e-01   4.1220864e-03  -2.1647739e-01   4.7361452e-02   1.3125856e-01  -2.9471507e-02   2.2868894e-02
  -6.5031302e-03   3.3708037e-02  -6.1336266e-03  -1.3514640e-01   5.6014396e-02   2.4444270e-01  -3.7601460e-02  -9.7606072e-02   4.4273677e-02  -6.2536348e-02   8.7140895e-03   1.7592803e-02  -3.0550240e-02   1.5485912e-02   2.2563939e-03  -8.0891348e-03   3.5584438e-03  -8.2259446e-04   2.5057993e-02  -9.1106743e-03  -9.7689073e-03   1.7140962e-02  -7.8806955e-03  -4.5817647e-03  -6.1103735e-03   6.5559859e-03  -5.8761260e-03   1.2861061e-02  -2.9128882e-03   3.0217991e-03  -1.7216099e-02  -3.0205672e-02  -1.5409509e-02   6.8433778e-03
   5.8368490e-03  -1.9489032e-02   3.9401765e-03  -7.7073260e-02   6.4398199e-01  -8.8359193e-03  -6.8249044e-03  -1.6680906e-01   2.0267806e-01  -2.3462891e-02   1.5354262e-02   6.3550636e-02  -1.6195415e-02  -1.6127220e-02  -1.6628018e-02   5.4402929e-03   1.9044883e-02  -3.8342238e-05  -3.8585764e-02  -1.2111586e-02   1.7400789e-02  -2.0916126e-02   2.7622960e-02  -9.8869005e-03   1.0532406e-02  -1.5388517e-02  -4.0836482e-03  -5.3218282e-02   3.1688935e-03  -1.0625300e-02   2.8674563e-02  -5.3645443e-01  -5.5424558e-03   2.7931997e-03
  -2.1417646e-02   7.4207968e-02   7.3239774e-03   1.9215736e-02  -7.4414831e-02   7.5680103e-04  -2.0123722e-03  -2.1039410e-03   8.2198306e-02  -1.8289201e-02   1.1135215e-01   2.8101812e-02   3.0599020e-01  -3.9849011e-01  -1.5773448e-01   4.0280913e-01  -1.1370108e-01  -2.3090949e-01   8.6676851e-02   4.8844131e-02  -1.5955382e-02   6.8774392e-03   8.8985432e-03   4.9649678e-03   8.7981849e-04   4.4315929e-02   3.5589266e-03  -4.9475919e-03  -1.4697103e-02  -5.4080212e-03   1.1279659e-02  -1.8459947e-01  -1.5383310e-02   8.4236648e-04
  -2.1970035e-04   3.2842227e-03  -2.4946810e-04   1.9267974e-02  -4.6053403e-02  -6.0440522e-03   1.2802868e-02   8.1458762e-03   3.3410566e-02   9.1487892e-02  -1.3671923e-01   1.2655314e-03  -1.9454795e-01   5.0121566e-03  -5.2553745e-02  -5.9237892e-02   2.0234762e-01   3.8175459e-01  -3.5370561e-01  -8.2731477e-02   2.9052833e-02   1.2997860e-01   6.4777687e-03  -8.1513851e-03  -5.4577102e-03   2.5785041e-02  -9.9440414e-04   3.8985109e-03   6.1499814e-03  -4.5065495e-03  -1.2558024e-02  -5.6577313e-03   1.8324112e-03   7.1580861e-03
  -3.7793557e-02  -2.0094816e-01   1.5112702e-02   8.0078204e-02  -1.4794592e-01   5.5501234e-03   1.8577323e-04   7.0838866e-02  -7.1301308e-02  -1.3425535e-02  -6.1373286e-03   3.1797264e-02   5.7846197e-02   2.5348501e-02  -3.0010240e-03  -1.7481657e-02   3.4546143e-02  -2.9330292e-02  -4.2907428e-02  -2.5913577e-02   2.5331952e-02  -3.1309495e-02  -5.4745071e-02  -4.5112566e-04  -6.8475080e-02  -2.7355174e-02  -2.6727355e-02   3.9714353e-01   7.8661826e-02  -4.4598711e-03  -6.7768887e-03  -2.1449282e-02   2.5558845e-02  -9.0183450e-03
  -7.7218353e-03   1.5461377e-02  -3.2549318e-03   3.5242997e-02  -8.1468652e-02   6.8346262e-03   9.5763837e-02  -2.1014658e-01  -1.8237445e-01   4.4645239e-01  -2.3278123e-01   4.9663493e-02  -3.2393561e-03   4.4072133e-02   4.4816198e-03  -9.6655253e-03   1.0150755e-02  -2.5664197e-04  -1.5350009e-02  -1.0515750e-02  -6.7557916e-03  -1.2330343e-02   1.3773638e-02  -8.9323324e-03  -9.2016081e-03  -2.8377099e-02  -3.6329238e-03   2.8991048e-02  -9.8881922e-03   6.1582140e-03  -1.0080379e-02   1.2082309e-01  -2.2241285e-02  -5.1997283e-03
  -2.2305029e-02   1.2975502e-02   1.7224563e-01  -5.8970130e-02  -3.2889695e-02   1.7582584e-02  -3.9131297e-02   3.9852002e-02  -2.0457245e-02  -8.9085127e-02   2.9602736e-03   6.0388879e-02  -3.8858039e-02   1.8070337e-02   9.4063381e-03  -2.7888817e-02   1.5846518e-02  -1.8063049e-02   5.4067082e-02  -7.1264551e-03  -1.3369381e-02   2.4160894e-03  -4.4034611e-03  -8.4611606e-03   4.7431665e-03   6.7666828e-03  -4.2709111e-05   4.5483974e-03  -4.4377858e-02   1.5268241e-03   2.7222141e-02   1.0159650e-03  -4.4398298e-02   1.9913486e-02
  -1.6254574e-01   2.4559550e-01  -3.9348495e-03   1.6380524e-02  -1.1293737e-01  -1.3874271e-02  -7.3125643e-03   5.4443294e-02  -3.5493524e-02  -3.2520788e-02  -3.1080306e-04   2.4497540e-02  -1.8742534e-02   9.2066633e-03   1.5216370e-02  -3.0815064e-02   9.3018483e-04   3.1625979e-02  -8.6201090e-03   1.7355037e-03   2.9701077e-03   3.4595076e-04  -1.5800717e-02   1.8775228e-03   5.5223919e-03   2.7105678e-02   2.2866920e-04   2.7716037e-02  -1.7258368e-01   1.2188894e-01  -6.0137050e-03   3.2583368e-02   1.4595096e-02  -3.8575275e-03
   1.6386052e-02   9.6143394e-03  -5.1312575e-03  -2.0166233e-02   6.6651130e-02   1.8787045e-03   1.1624981e-03  -1.2971036e-02  -7.7666390e-02   5.4239303e-02  -1.4237695e-01   4.2662743e-04   3.6492201e-03   2.0080237e-01  -2.6835699e-02  -1.7393063e-02  -4.6885072e-02  -5.5028431e-02  -1.9928125e-01   3.1889981e-01  -2.7937430e-02   3.2973959e-02   2.8805397e-02   1.5504539e-02  -2.2526334e-03  -1.3676998e-02  -5.1773037e-03   4.2784108e-02  -2.5768802e-02  -4.6530841e-03  -3.0380721e-02  -5.2175914e-02   2.0301660e-03  -1.7496421e-02
   3.1299536e-04   1.3249711e-02   2.0718618e-03  -2.1116004e-03  -3.5173058e-04   5.1535646e-04  -3.5010494e-03  -7.4948128e-03  -1.3219063e-03  -2.1419533e-02   1.1424435e-02   9.7586542e-03   4.7376909e-02   1.3806690e-02  -1.3574232e-02   3.5697978e-03   2.2271627e-02   1.0147656e-02  -1.2539498e-01  -9.3965577e-02   3.1947072e-01  -7.0014588e-02  -7.6109280e-02  -5.7815113e-02  -3.6360471e-02   6.7874650e-03   2.8830923e-03   2.4230883e-02  -3.5541903e-03  -3.4334600e-03  -1.2479072e-02   3.8407942e-02  -2.5368384e-03  -2.1613908e-05
   9.2214250e-03  -2.3790464e-02  -3.2740731e-03  -7.1189277e-03   4.4299710e-02   4.2391369e-03  -3.1910254e-03  -3.2822732e-02   7.7878012e-02   1.5554449e-02  -4.2999184e-02   1.3860143e-02  -2.5491260e-01  -1.5536055e-02   3.1671290e-02  -2.4536356e-02  -1.2000341e-01   1.3503823e-01   5.7482074e-01  -7.9026343e-02  -5.6454240e-02  -1.8175928e-01  -3.4520719e-02   5.1842167e-03   6.8030876e-03   1.5258371e-02   1.2524532e-03  -8.0901192e-03   3.9463339e-03  -2.4376607e-04  -3.5154713e-03  -4.9444391e-02   7.3723814e-03  -2.2340655e-03
  -4.9557858e-03   2.3459944e-02  -1.2709097e-02  -2.1262246e-02  -1.2579246e-02   4.9852748e-03   1.3095392e-01   8.1492581e-02   4.4587064e-02  -2.3779717e-01   7.4475598e-03   3.6528040e-02  -4.2679208e-02   4.5095665e-02  -2.6268573e-03  -8.3712423e-03   5.2128363e-03  -4.6619652e-03   3.4474934e-02  -9.9633955e-03  -8.6538175e-03   2.1637912e-03   1.6469304e-03  -8.6663066e-03  -3.7509010e-03  -3.8238916e-03   2.7731703e-04   1.2501288e-02  -1.2795932e-02   3.0750826e-03  -3.5505010e-04  -2.3059922e-02  -1.0569915e-02   5.2828079e-05
   1.7975414e-02  -3.1439659e-02   1.5920346e-02   2.3777177e-03  -2.5356711e-02   7.9635025e-04  -3.9025765e-03   2.5616966e-02  -1.6721576e-02  -1.4503858e-02   1.1775963e-03   1.4955538e-02   5.8493291e-03  -3.8068589e-03  -5.1177549e-03   6.5687701e-03  -2.1739704e-03  -1.0655035e-02   1.9237383e-02  -1.5548284e-02   3.0460784e-02  -3.4249765e-02   2.2186103e-02   2.0003507e-02   1.6498538e-03   1.6839713e-03  -1.8171752e-01   1.0128180e-02   5.4014841e-02   2.0124857e-02  -8.7360089e-03   1.6779254e-02  -1.9594467e-02   7.9505333e-02
   2.0041793e-02   1.9045262e-02  -3.5335334e-03  -1.4473052e-02   8.6928293e-03   8.7884282e-03  -9.0939967e-03  -4.2453308e-02   3.6570058e-02  -2.4104702e-02   1.0945850e-02   2.8414827e-02   2.6471343e-02   1.7146473e-02  -7.9960324e-03  -1.9295902e-02   4.4261451e-02   4.6830106e-02  -1.1288513e-01  -1.6941142e-01   1.9532813e-01  -1.2155020e-01   3.7208973e-02   1.3482780e-01   1.1100562e-02  -1.8829307e-02  -3.5492665e-04  -1.7356760e-02  -2.5842240e-02  -8.5777127e-03   3.9921598e-03   2.3783369e-03  -4.6704251e-03  -4.7113086e-02
   7.2328805e-03  -1.0913746e-02  -4.4583963e-04  -9.6386836e-03   2.0083037e-02  -2.1189520e-04  -3.8517846e-04   4.8913064e-03  -3.0704209e-02   1.3154599e-03   1.0921766e-03  -8.3699054e-04  -3.2433235e-02   1.1693128e-02  -7.3583208e-03   7.4726522e-03   2.7932865e-03  -1.2942741e-02  -3.6111545e-02  -2.1442341e-02   1.3727346e-01   2.0913717e-01  -4.4081072e-01   1.6955792e-02   8.0601848e-02   5.5163740e-02  -6.1426042e-03   3.5110142e-02   3.2211648e-03  -6.8811738e-03  -7.2987951e-03   3.5091367e-02  -2.6645934e-03  -2.0693861e-03
   1.5945741e-02   5.5724818e-02  -8.4451627e-03   5.5215385e-03  -1.6853155e-01  -7.9507201e-03   8.8814939e-03   8.0471410e-02  -6.2715783e-02   8.3905646e-03  -1.4270770e-03  -9.5467979e-03   6.5332262e-02  -7.8251109e-03   4.5961056e-03  -8.8409172e-03   1.4533454e-03  -1.4765684e-02   2.3757856e-02  -7.6757180e-03   9.7809458e-03  -4.0609489e-02  -6.4313272e-02  -3.3829148e-03   1.9248190e-02   4.1003343e-01   8.4984339e-03  -1.7183048e-01  -4.7065785e-02   2.0841145e-03  -2.2712557e-02  -7.2639260e-02  -4.9223360e-03   9.1730213e-03
  -4.8954129e-03   3.4039039e-04   1.0997110e-03  -3.2738562e-03   7.4202603e-02  -1.8100998e-03  -7.2506586e-04   1.2234051e-02  -6.9559471e-02   1.1120469e-02  -2.8490735e-02  -1.6590489e-02  -1.2551394e-01   9.2524168e-02  -1.1906084e-02  -1.8216945e-02   5.1923587e-02  -1.0452707e-01  -1.8453405e-01   1.2974172e-02  -3.1287776e-02   7.5962514e-01  -9.2950141e-02  -4.4498423e-03  -8.9924905e-04   9.7068930e-03  -2.3968546e-03  -2.2479834e-03   1.0436662e-02  -6.0601804e-04  -7.3654598e-03  -3.2807826e-01   1.0516489e-03  -1.6767935e-03
  -4.8643098e-03   2.0403576e-02  -3.9096341e-03   3.2138828e-03  -2.1183574e-02  -3.1783628e-04  -1.1495351e-02   2.5367740e-02  -8.6860757e-02  -8.5812420e-02   2.8867896e-02   8.0615072e-02  -1.8170357e-01   3.0818311e-01  -2.1236376e-01   9.5988209e-02  -4.0252710e-03  -6.1856214e-02   6.9549719e-02  -1.5733178e-02  -2.4334977e-03  -1.1793445e-02   5.6677324e-03   4.3148135e-04   2.4405650e-03   2.1132072e-03   3.3057886e-04  -1.1071147e-02   2.2286139e-03  -2.3107840e-05  -1.6049878e-02   7.9282311e-02   2.8488698e-03   5.5407526e-03
  -6.5067654e-02   8.2629446e-02   9.9729322e-04   1.0581713e-02  -9.0229497e-02  -3.7473863e-03  -3.0865594e-03   3.6699300e-02  -1.7518602e-02  -1.9520493e-02  -1.2089719e-02   2.1798052e-02   1.3474026e-03   1.1015176e-02   9.7866141e-03  -1.6997236e-02  -5.4283570e-03   1.9013943e-02  -9.4747316e-03   9.7120626e-03   2.9775537e-03  -4.0649011e-02   1.3430597e-02   1.2724107e-03   1.9795997e-02   2.0438097e-02   3.0668801e-03  -1.8611057e-01   1.9680165e-01  -1.6797175e-02  -1.8762038e-02   3.9954589e-02   8.0144530e-03  -2.6319845e-03
  -1.5576756e-03   3.4257476e-03  -1.2000726e-03   1.3500012e-02  -8.2194413e-02  -1.7308590e-03  -6.2364592e-03  -5.4433839e-02   4.8834001e-01  -6.8884297e-02  -5.9563209e-04   4.7038618e-02  -2.7092151e-01  -2.2022494e-02   6.4189790e-03  -5.8088726e-03   5.7293155e-05   5.0015930e-02  -2.9884525e-02   1.5155005e-02  -1.9420543e-03   1.7889738e-02   6.0258433e-03  -2.6546565e-03  -5.3921782e-03   4.9625887e-02  -6.9083321e-04   1.8070133e-02  -4.0187734e-03   2.1757104e-04  -5.1672352e-03  -1.5157679e-01  -1.3816494e-03  -8.0723167e-04
   7.2744266e-03  -2.2832799e-03  -2.7042144e-04  -3.1063554e-02  -4.4302108e-02  -6.2705168e-02   4.0734840e-03   4.5753631e-01  -2.1947387e-01  -1.4229872e-01   2.5491519e-02   7.4973236e-03   1.0706681e-01  -1.4028977e-02   1.9786705e-03   2.5806745e-03  -1.7009419e-03  -2.4208247e-02   3.3728309e-02  -8.6903346e-03   6.8888931e-03  -5.9064704e-02   4.1625283e-03   2.6711398e-03   2.2863553e-03  -1.7670933e-02   3.0752215e-03   1.4941613e-02  -2.9936938e-03  -4.4977938e-03   2.4185315e-03  -4.8681171e-02  -1.4663220e-03   3.1090883e-03
  -2.4462719e-04  -1.7882150e-01  -1.2529916e-02   4.3941231e-01  -2.6174955e-01  -4.6735581e-02  -7.1801506e-03  -5.1379403e-03   5.1704985e-03  -3.1497507e-02   5.8516878e-03   7.0425229e-03  -2.4483851e-02   1.6461146e-02   1.3422417e-03  -9.3192426e-03   1.9982743e-04   2.7911068e-03   1.2041049e-02   4.4373658e-03  -7.2030062e-03   2.4188281e-04  -7.9361689e-03  -1.9253937e-03   2.6126853e-03   5.4740386e-03   3.1033873e-03  -4.2218473e-03   5.3302262e-03   6.5617538e-04   9.0862510e-03   8.3753816e-02  -1.1282368e-02   2.3207730e-03
  -5.0875594e-03  -2.7148275e-02  -3.6061654e-03  -1.7249373e-03  -1.4793970e-01   1.9116692e-03  -6.8000409e-04   4.0384083e-02  -1.0837240e-02  -9.8088336e-03  -2.0367435e-03   8.0053727e-03  -3.4106953e-02   1.9560787e-02  -5.1184016e-03   7.0044605e-04  -9.2462980e-03   2.0875880e-02  -1.9394985e-02   4.7242589e-03  -3.0981586e-03   4.3390340e-02   5.3888025e-03  -1.0853254e-03   7.0986167e-03  -4.8136913e-02   5.0628798e-04  -5.0364867e-02  -1.6558060e-02   6.3775186e-03   2.1265177e-01   2.1992103e-02   3.7958181e-03  -5.5194605e-04
   5.5773583e-03  -1.6279432e-03  -3.3194880e-03  -2.6490578e-03  -2.6281190e-03   2.8224258e-03  -5.3015922e-03   9.2662426e-03  -1.5283397e-01  -3.9685824e-02  -1.3850837e-02   2.3167494e-01   2.3163479e-02  -1.1980249e-01   2.7704671e-02  -1.1268375e-02   7.1223760e-03  -7.2698598e-03  -3.4673437e-02   1.4860705e-02  -3.2385859e-03   5.5699324e-02  -9.0990236e-03  -2.5148729e-04  -7.3492304e-04   2.7703736e-03  -6.5364535e-04   4.7606449e-04  -3.3827957e-03  -9.0862024e-04  -8.8394591e-04   3.2682035e-02   3.1984498e-03  -3.0788345e-03
   2.6021020e-03  -1.7871100e-02   2.2872705e-03   1.3915506e-03   9.5541485e-03  -2.2011442e-03   4.1201434e-04   2.1403457e-02  -2.3770957e-02  -7.1938130e-03   8.3869330e-03   8.8449924e-03  -6.3696504e-02  -1.0110811e-02  -4.1317302e-03   2.1224335e-02  -9.6784203e-02   2.6991865e-01  -2.0958311e-01  -1.0094675e-02   1.1234471e-02   9.6383789e-02  -3.3733135e-04  -9.6786936e-04  -1.2437248e-03   1.4365310e-03   1.0645934e-03  -3.9878206e-04  -8.1630232e-04   2.9132267e-03  -7.8015711e-04  -1.2249152e-02   1.2054726e-03   1.2381643e-03
